   0.830
   1.477
   0.163
  -0.981
   0.000
  -0.990
   0.166
   0.330
  -2.337
  -1.875
   0.172
  -8.421
  -0.563
  -1.134
  -3.089
  -0.787
   0.394
  -1.788
   0.200
  -1.126
   0.000
   2.266
   0.000
   1.013
   0.603
  -1.209
   0.607
   0.000
   0.402
  -1.824
  -1.027
   0.618
   1.022
   2.013
  -1.202
  -0.404
   0.807
   0.201
   1.195
   0.592
   1.174
   0.775
   2.855
  -0.376
   0.188
  -0.755
  -0.380
  -0.190
   0.190
  -0.956
  -0.192
   1.526
   1.504
   1.665
  -1.292
  -0.933
  -1.322
  -0.190
  -0.190
   0.571
   1.133
  -0.942
  -1.912
  -1.556
  -0.196
  -0.789
   0.592
  -2.390
   0.402
   0.999
   1.773
   0.972
   0.386
  -0.193
  -0.970
  -1.177
  -0.991
  -1.202
   0.603
   0.599
   0.397
   0.396
  -1.353
   0.000
   0.402
   0.401
   0.000
   1.587
   0.784
  -0.784
   0.000
   1.174
   0.388
   0.772
  -0.579
   1.345
   0.381
   1.135
   1.307
  -1.308
  -2.090
  -0.192
   0.766
   0.000
   0.760
   1.130
   2.222
  -0.183
  -0.368
  -0.925
  -0.373
   0.372
   0.186
  -0.372
  -0.561
  -1.130
  -1.143
  -0.384
   1.526
   0.000
  -1.335
  -0.578
  -1.360
   0.000
  -0.196
   0.000
   0.391
   1.165
  -0.970
   3.637
   0.562
  -1.317
   2.432
   0.920
   0.730
   0.724
  -2.006
  -0.740
   0.555
  -2.239
  -0.378
   2.432
   2.194
  -0.181
  -0.910
   2.456
  -0.180
  -1.815
  -1.476
  -2.636
  -4.889
   0.997
   1.183
   0.781
  -1.568
   0.983
   0.780
   0.581
  -1.950
  -0.790
  -0.597
  -1.205
  -1.219
  -0.615
   0.820
   1.419
   0.000
   1.200
   0.989
   1.369
   1.350
   2.273
  -0.564
   0.563
   0.374
  -1.125
   2.974
  -1.476
  -0.933
   1.304
   0.922
   2.537
  -2.170
  -1.288
  -5.716
  -1.383
  -0.199
  -0.399
   0.200
   1.387
  -0.989
  -0.399
  -0.200
  -0.803
  -0.202
  -3.494
  -5.593
  -3.604
  -1.852
  -1.412
  -1.673
   1.436
   2.579
   0.692
   0.916
   0.000
   1.358
   0.000
  -0.903
  -0.637
  -1.856
  -0.469
   0.235
   1.861
  -0.462
  -1.869
  -2.386
  -2.445
   0.000
   3.406
  -0.479
   1.195
   1.181
  -0.470
   0.000
   0.000
   1.638
   0.463
   0.000
   1.376
  -0.228
  -0.458
   0.686
   0.228
   0.000
   2.248
   0.222
   0.000
   1.976
  -0.436
   2.160
  -0.214
  -1.077
  -0.651
   0.652
   1.929
  -0.426
   0.425
  -0.853
   0.214
  -1.507
  -0.872
   0.871
   0.649
  -0.649
  -2.193
  -0.667
  -1.575
  -1.831
   2.508
   0.225
   0.000
   0.448
   0.000
   4.591
   2.114
   0.626
  -2.740
   2.114
  -1.263
   0.423
   1.183
   3.109
   5.942
  -0.967
   1.350
   2.085
  -0.942
  -0.761
  -1.345
   0.962
   4.678
  -2.406
   4.396
  -3.094
   0.553
  -0.553
  -1.865
  -1.518
  -0.961
  -1.950
   2.142
  -1.358
   0.195
   2.502
   1.697
   1.300
   1.647
  -1.646
  -0.370
  -0.558
   0.186
   2.569
  -0.181
  -1.463
  -0.369
  -2.054
  -0.189
  -1.524
   0.765
   0.380
   1.319
  -0.376
  -1.515
  -1.539
   2.110
  -0.571
  -0.575
  -0.385
  -0.193
  -0.775
  -1.371
  -0.594
  -1.197
   4.898
   0.000
   3.936
  -0.369
  -0.556
  -0.559
   1.665
   2.715
  -2.716
  -1.665
   0.781
   0.557
   3.637
   1.419
  -0.706
   1.408
  -1.055
  -0.354
   0.531
   0.703
  -3.022
  -2.006
  -2.047
   0.749
  -1.693
   0.945
   1.678
   0.369
  -1.484
   1.300
   4.333
   1.752
  -0.872
  -0.351
   0.701
   0.523
  -0.696
  -2.299
  -1.623
  -0.913
  -1.479
  -0.373
   0.000
   0.931
   2.017
   0.903
   0.000
   0.000
  -0.541
  -2.565
  -1.119
  -0.188
   2.047
  -0.554
  -1.117
   2.770
  -1.099
  -0.740
   1.291
  -0.551
   0.184
   2.002
   1.431
   1.586
  -0.175
  -1.945
   2.120
   1.044
  -1.043
   1.217
  -2.448
   0.353
   0.176
  -1.026
   0.713
   0.354
  -1.068
  -0.538
  -2.550
   0.735
   1.815
  -2.735
   1.103
   0.000
   0.365
  -1.653
  -0.185
   0.186
  -2.058
  -2.294
   1.345
   1.327
   4.601
   0.716
  -0.897
   0.359
  -0.721
   0.181
  -1.089
  -0.916
   0.000
  -0.554
  -1.117
  -0.752
   0.939
  -0.751
  -0.378
   1.872
  -0.559
   0.000
  -0.562
  -0.942
  -1.720
  -1.749
  -0.393
   1.174
  -0.781
   0.196
  -1.379
  -3.636
  -2.289
  -1.485
  -0.428
   2.542
   1.660
   1.024
  -0.408
  -0.821
   0.411
   4.810
   0.585
  -0.390
  -0.195
   0.000
  -1.379
  -0.997
  -0.805
   0.443
   0.807
   1.988
  -0.197
  -0.594
  -0.597
   0.795
  -0.795
   1.191
  -0.792
  -0.399
  -1.407
   0.202
   0.000
  -3.704
   0.627
  -5.129
   2.169
   1.491
  -1.705
  -0.864
   0.217
  -1.747
   3.037
  -1.074
   2.559
  -1.485
  -1.074
   1.713
  -2.581
  -3.323
   2.227
   1.095
   0.000
   0.652
  -3.077
   0.889
   2.620
   2.343
   4.326
   3.565
  -0.390
   2.125
  -1.736
   0.195
  -0.585
   0.972
  -0.777
   0.000
   0.195
  -1.965
  -0.398
  -1.607
   1.208
   7.139
   1.296
   1.460
   0.181
  -4.248
   1.498
  -1.498
   0.189
   0.938
   0.558
  -0.932
  -0.564
  -2.866
   0.618
   0.387
  -1.165
  -0.784
   0.784
   1.743
   1.145
   1.133
  -1.512
   3.187
   3.979
   1.583
  -0.877
  -1.777
   0.537
  -2.710
   1.274
   0.361
   0.000
   1.963
   4.153
  -1.882
  -2.625
  -1.428
  -2.366
  -0.369
  -0.928
  -0.562
   3.683
   3.028
   0.350
  -1.763
   0.178
   0.000
   0.178
   0.883
   1.915
   0.516
  -2.782
  -0.354
  -0.177
  -0.177
   0.178
  -3.610
   1.821
  -1.272
  -2.031
   0.929
   0.553
   8.117
  -2.749
   3.929
   2.645
   1.457
  -2.112
  -1.489
   0.665
   1.479
  -3.452
   1.684
  -0.335
   3.619
  -1.629
  -0.494
  -0.331
  -1.166
   1.331
   0.165
   3.087
  -0.965
   0.644
  -1.130
  -1.802
   2.126
   0.323
  -0.809
  -0.163
   0.163
   0.487
  -0.486
   1.132
  -0.161
   1.439
   0.159
   1.260
  -0.313
  -0.788
   0.000
  -1.595
  -1.458
  -1.149
   0.985
  -0.163
   0.000
   0.815
  -3.805
  -0.847
   0.339
  -0.680
   0.511
   0.508
  -0.339
   1.513
   1.327
   2.280
  -3.274
  -2.187
  -2.584
   1.215
   1.879
  -1.191
   0.683
   0.846
  -2.909
   0.346
   0.690
  -1.558
  -0.525
  -0.352
   0.176
   1.570
   0.173
   1.712
   2.349
  -1.672
  -0.507
  -0.646
  -1.381
  -0.874
  -1.236
   0.000
  -1.431
  -1.269
  -0.182
  -0.734
   0.734
  -0.550
  -0.369
   0.000
   0.185
  -4.713
  -1.752
   0.587
   0.778
   0.000
   2.677
  -2.484
   0.771
   4.136
  -0.554
  -1.492
  -1.515
   1.890
   3.677
  -1.455
   2.888
  -2.888
   0.912
  -0.911
   0.365
   0.000
  -1.285
  -0.742
   0.927
  -2.051
   0.563
  -1.699
   0.947
  -1.138
  -1.539
  -0.583
   0.777
  -0.582
   0.000
  -0.195
   1.163
   1.719
  -1.143
  -1.545
   2.688
   1.504
   0.187
   1.111
   1.099
  -0.182
   0.908
  -1.640
   2.720
   0.179
  -0.358
   0.215
   0.180
  -0.360
  -0.724
   0.000
  -0.729
  -1.103
  -0.185
   0.554
  -2.047
  -2.861
  -0.777
   1.739
   0.382
   1.515
   0.000
   1.493
   0.922
   0.731
   2.162
   1.240
  -0.706
  -0.712
   0.179
   0.000
   0.887
   2.960
  -1.034
  -0.348
  -1.224
   0.176
  -0.176
   0.351
   1.221
  -0.348
  -0.523
  -0.351
  -0.352
  -0.706
   0.177
   1.580
  -0.174
   1.902
   0.171
  -0.686
  -2.793
  -0.177
   0.531
  -1.600
  -1.626
   0.000
   1.446
   0.000
  -1.083
  -0.181
   0.544
   1.614
   1.238
   0.000
   1.742
   2.558
   0.168
  -1.150
   0.851
   0.338
   2.667
   2.115
  -1.460
  -1.647
  -0.333
   0.167
  -1.509
  -3.088
   1.384
  -0.516
  -1.742
  -0.176
   0.351
   0.700
  -1.580
  -0.711
  -1.256
   1.256
  -0.358
  -1.988
   1.987
   2.996
   1.892
  -2.065
  -1.401
  -1.959
   1.783
  -0.177
   0.000
   0.353
  -1.064
   0.000
  -1.617
  -0.181
  -0.364
  -0.915
  -0.184
  -3.181
  -1.919
   0.579
  -0.580
  -0.974
  -1.578
  -0.798
  -3.259
   2.454
   0.805
   0.400
   0.795
   0.985
  -0.196
   1.366
   2.110
  -1.337
  -1.746
   2.321
   0.572
  -0.763
   1.142
   0.189
  -0.721
  -0.963
  -0.582
   0.000
  -0.978
  -0.591
   1.763
   2.493
   0.000
  -0.380
   1.322
   1.304
   1.835
  -1.097
  -0.553
   0.369
   2.006
  -0.725
   0.363
  -2.198
   1.470
   1.269
   0.000
   0.540
  -0.539
  -1.087
  -1.283
  -0.556
  -1.495
   0.376
  -1.703
   0.381
   1.510
   1.118
   0.185
   0.369
  -0.369
   1.286
  -0.182
  -0.183
   1.093
   1.439
   2.991
  -0.871
  -1.763
   0.178
  -0.178
   1.763
  -1.409
   0.177
   1.056
   0.349
  -2.116
   0.356
   0.178
  -0.712
  -0.717
   1.429
   0.706
   2.091
   1.540
  -2.580
  -0.699
   1.255
   2.410
  -0.341
  -1.029
  -1.214
  -0.700
   2.087
  -0.172
  -0.518
  -0.695
   3.093
   0.507
   0.336
  -0.168
   0.000
   0.335
   1.497
   0.985
   0.489
  -1.474
   0.165
  -0.993
   0.000
  -2.870
   1.866
  -1.866
  -1.902
   0.696
  -0.695
  -0.350
  -0.175
   0.350
   1.561
  -1.561
  -3.922
  -2.765
   1.852
  -1.107
   0.924
   1.279
  -1.463
  -1.484
   0.373
   2.392
   0.182
  -1.832
   0.553
   0.732
  -1.101
  -1.300
   0.931
  -0.185
  -1.119
   0.188
   1.856
   1.097
  -1.097
  -0.369
   1.828
   2.504
  -1.603
  -1.629
  -1.285
   0.553
   0.221
   0.368
  -1.668
   0.931
   0.738
   0.184
   0.366
   1.991
  -0.720
   0.541
  -0.540
   0.000
  -0.725
  -0.365
   2.523
   2.113
   0.522
  -1.396
   0.000
  -1.773
  -0.898
   1.434
   0.178
  -1.251
  -1.085
   0.724
   4.586
  -1.389
   1.217
   1.712
  -1.713
  -2.448
  -0.532
  -0.535
  -0.359
  -1.811
   0.183
  -0.366
   0.547
   1.626
  -0.539
   0.000
   0.000
   1.786
  -0.177
   2.452
  -0.520
   0.521
   2.562
  -3.431
   1.730
   0.514
  -0.342
   1.698
  -0.506
   1.345
  -0.670
  -0.674
   2.341
   0.165
   0.985
   0.000
   0.326
   3.552
   0.316
  -0.157
  -1.270
  -2.754
   2.593
   1.587
   1.407
  -1.565
  -1.430
   0.319
  -0.320
   1.902
  -1.105
  -0.957
  -1.290
  -1.308
   0.328
   0.000
  -1.320
  -1.002
   2.650
  -2.147
   0.333
   0.498
  -0.998
   0.167
  -2.365
   1.190
  -0.678
   0.170
   0.170
   2.345
   2.129
   0.000
   1.608
   0.477
  -0.637
  -2.589
  -0.658
  -1.496
  -3.929
  -0.174
   0.696
  -0.173
   0.520
   0.000
  -1.392
   0.349
   0.000
  -3.012
   0.000
  -2.550
  -2.051
  -2.094
   1.905
   0.752
   1.487
   1.284
   0.182
  -1.281
   0.184
   4.177
  -1.428
  -0.541
  -0.363
  -0.729
  -0.550
  -0.369
  -0.185
  -0.371
   1.838
  -0.365
   3.061
   1.583
  -0.525
   0.175
  -1.057
  -1.426
   1.249
  -0.712
   0.356
   0.533
  -0.355
   0.000
   0.354
   0.530
  -1.598
   1.067
   0.881
   2.426
   3.035
   0.828
  -1.829
   0.502
  -0.335
  -1.519
   1.183
   0.168
   0.335
  -3.056
   1.200
  -1.719
   0.863
   0.514
   3.196
   0.496
   1.472
  -2.299
   4.705
  -0.636
   1.110
  -0.158
   0.316
   1.252
   2.610
  -0.608
  -1.691
   0.310
  -1.872
  -0.473
   2.036
  -3.471
  -1.292
   1.773
   1.459
   0.945
   0.157
  -0.785
  -0.792
   0.000
   0.317
  -0.158
  -0.797
  -0.160
  -1.290
   0.486
  -0.162
  -0.162
  -0.325
   0.487
   0.162
   2.709
   0.314
   1.709
   0.920
   1.815
   0.747
  -1.197
  -0.453
   0.753
  -0.905
   0.905
  -0.451
  -0.302
   1.650
   0.445
   1.178
   1.309
  -0.871
  -0.585
  -0.293
  -0.738
   0.296
   0.882
   2.029
   0.429
  -2.020
  -1.173
   1.318
  -1.614
  -2.093
   0.602
   1.342
  -1.342
   0.150
   1.044
  -1.044
   4.256
  -0.577
   0.000
   2.145
   2.100
  -1.676
  -2.857
  -1.313
  -0.147
   0.000
   0.147
   0.615
  -1.180
  -1.645
   0.751
   0.299
  -0.749
   0.898
  -2.720
  -0.769
   0.000
   2.740
   0.748
  -0.149
  -1.050
   1.050
  -0.599
  -3.204
  -3.310
   3.000
   1.083
  -0.308
   0.769
  -0.923
   1.381
   0.759
   0.303
  -0.909
  -3.721
  -0.317
   1.728
  -1.096
   0.628
   2.167
   2.271
  -1.812
  -1.536
   2.598
   0.751
   0.746
   1.182
   0.147
   0.000
   1.600
  -1.308
   0.292
  -0.732
   2.895
   0.994
  -0.425
  -0.284
   0.567
   0.845
  -0.703
  -1.566
   1.425
  -1.138
  -1.441
   0.145
  -1.754
   1.173
  -1.469
  -4.230
  -4.127
   1.442
   2.202
   0.311
   3.952
  -4.730
   0.000
  -2.532
   2.376
   0.468
   0.312
   0.465
   1.076
   1.517
  -2.748
   2.295
  -1.987
   1.379
  -1.379
  -2.500
  -1.274
  -2.597
   1.307
   1.929
  -2.908
  -2.322
   1.993
  -0.992
   1.647
  -0.328
  -1.987
   1.987
   0.327
  -1.647
   2.299
  -1.636
   5.459
   0.000
   2.163
  -1.231
   0.617
  -0.617
   6.008
  -3.260
  -0.604
   1.205
   2.074
  -1.776
   0.000
   2.068
   0.873
  -1.166
   4.865
  -2.833
  -1.156
   2.015
   0.568
   1.406
   1.936
  -1.102
  -2.241
  -1.426
   3.112
  -0.895
   1.124
   1.936
  -3.912
  -5.264
   4.406
  -1.156
   0.868
   2.561
   4.665
   1.860
  -1.059
  -1.070
  -1.626
   2.695
   1.845
   1.555
  -1.033
  -2.631
  -0.267
  -0.267
  -0.268
  -0.539
  -2.740
   2.469
  -1.364
   0.000
   0.000
  -1.662
  -0.561
  -0.564
   0.563
   0.281
   0.280
   3.297
  -0.814
   1.889
   1.328
   0.000
   0.264
  -0.263
   1.310
   1.037
   3.296
   1.731
   3.373
   3.264
   2.715
  -2.716
  -1.386
   3.877
   1.554
   0.877
  -0.877
  -1.554
  -1.578
  -0.227
   0.228
  -1.604
   2.508
  -0.451
   1.572
   1.327
   0.220
  -1.770
  -0.045
   2.217
  -0.660
   1.751
  -0.217
  -1.313
  -0.885
   0.885
  -0.220
  -1.557
   4.386
   1.067
  -1.282
   0.856
   1.901
  -1.263
  -1.065
   0.640
  -0.213
   1.482
  -0.844
  -3.230
  -0.439
   0.875
   0.652
   0.000
   0.862
   2.542
   0.000
  -1.901
  -0.427
  -3.265
  -2.464
  -2.062
  -0.930
   0.931
  -1.633
  -2.381
  -1.701
   2.182
   1.192
   0.237
  -0.951
  -3.646
  -2.000
   4.203
   2.865
  -0.709
   0.708
  -0.945
  -2.648
   0.729
   2.392
  -2.151
  -1.951
   0.736
   0.000
  -5.529
   4.051
  -1.500
  -2.293
   1.534
   4.709
  -1.218
   0.684
   0.730
   0.966
   0.000
  -0.240
   0.959
   0.476
   2.810
   0.000
  -1.865
  -1.422
   0.239
   0.000
  -0.238
   5.118
   4.652
   0.432
   0.216
  -1.081
   1.511
   0.214
  -1.942
   0.435
   1.079
   0.000
  -2.389
  -1.550
  -1.802
  -1.143
   0.459
   0.000
   0.000
  -1.383
   4.757
  -0.666
  -5.024
   0.000
  -3.576
  -3.457
   1.497
   4.596
   2.798
   1.596
   0.901
  -0.675
  -5.570
  -1.927
  -1.718
   1.474
  -0.489
  -0.985
  -0.248
   0.248
   1.718
   2.166
  -0.477
   2.364
  -0.468
  -0.943
   0.237
   2.106
   4.083
  -0.745
  -1.132
   2.029
  -1.122
   0.675
   1.778
   0.440
  -1.102
   1.976
  -1.313
  -0.442
  -1.112
  -0.224
  -2.728
   0.689
   2.932
   3.064
  -3.733
  -1.578
  -0.684
   4.036
   0.657
   1.516
  -0.215
   0.645
   0.640
  -1.070
   5.644
  -0.203
   0.406
  -0.203
  -0.816
   4.213
  -0.394
  -2.395
   1.404
  -0.600
   0.599
   1.188
  -0.989
   2.358
  -2.756
  -1.610
  -0.203
  -1.846
   2.656
   1.996
   1.763
   1.541
  -0.576
   0.384
  -0.384
  -0.579
  -0.777
   0.583
  -1.562
  -0.593
  -0.198
  -0.797
  -0.401
   0.600
   0.795
  -1.195
  -0.068
  -0.809
   2.013
   5.049
  -1.527
   0.000
  -0.579
   1.916
   0.567
  -0.758
   0.190
  -0.571
  -0.575
  -2.921
   0.591
  -1.186
  -0.598
   0.399
  -2.012
   0.608
   1.205
  -1.610
   0.203
  -1.017
  -2.485
  -2.979
   2.979
   0.000
   0.418
  -0.419
  -0.420
  -1.271
   0.213
   1.478
  -0.420
  -0.634
   0.212
  -1.705
  -1.081
   0.434
   0.000
  -0.651
   1.083
  -0.432
  -1.527
  -1.550
   0.000
   1.330
   2.394
  -2.394
   1.530
  -3.308
  -0.449
   1.342
   0.443
  -0.221
  -0.891
  -0.224
   0.447
   0.889
   1.318
   0.869
   0.432
   0.571
   2.972
   1.660
  -0.206
   0.411
  -0.618
   0.000
   0.412
  -0.413
  -0.207
   2.251
  -1.222
   1.020
   0.203
   2.203
   1.572
  -1.571
   0.985
  -1.383
   0.000
   0.792
  -1.791
  -0.201
   1.200
   0.989
  -0.790
  -1.399
   0.802
  -1.205
  -1.015
   1.015
   0.202
   2.390
  -0.593
  -0.596
  -2.012
  -1.639
  -2.936
  -0.427
   1.274
  -0.423
  -0.212
   0.212
   1.889
   1.035
  -0.619
  -0.623
  -2.745
  -3.486
  -0.891
   3.948
   0.429
   0.000
   0.853
  -0.212
   1.897
  -0.419
  -0.210
  -1.695
  -0.859
   3.182
  -0.209
  -0.419
   1.460
  -1.322
  -1.061
   1.271
  -0.634
   1.472
   0.000
   0.000
   0.209
  -0.418
   2.479
  -0.409
   1.020
  -0.203
   0.810
  -0.404
   2.795
  -1.788
   0.000
   1.393
   0.198
   0.000
   0.393
   0.196
  -0.985
  -0.995
   2.956
  -2.358
   0.397
   2.155
  -1.366
   0.392
  -1.379
  -1.399
  -1.214
  -0.818
   3.232
   0.792
  -2.395
   0.000
   0.604
   0.000
   1.593
   0.788
   2.134
   4.320
  -0.184
  -0.554
  -0.185
   3.285
   2.307
  -0.704
   0.529
  -0.176
   0.876
   1.902
  -0.687
  -2.620
  -2.147
  -2.749
   0.740
  -1.675
   2.043
   0.732
   1.089
  -0.362
  -0.181
  -0.911
  -1.143
  -0.746
   1.302
  -1.490
   0.188
   0.374
   0.929
   2.375
   1.434
   1.238
  -0.352
   0.352
  -0.176
  -1.418
  -2.166
   3.585
   0.351
   1.394
   0.173
  -0.868
   0.000
   0.867
   3.396
   1.492
  -1.158
  -2.187
   1.519
   0.835
  -1.844
   0.000
  -1.020
  -1.377
  -0.173
  -2.817
   0.535
  -2.518
  -0.915
   1.460
  -1.276
  -0.921
   0.185
  -1.302
  -0.376
   0.375
   0.000
  -1.320
  -0.190
   1.510
   2.770
  -0.547
   0.183
  -1.474
   3.105
   0.359
  -0.179
  -0.180
  -1.449
   1.809
   0.537
  -0.898
   1.434
   0.533
   2.448
  -2.625
   1.408
  -0.175
   2.080
   0.854
  -1.543
   1.373
  -0.170
   0.511
  -1.195
  -0.689
  -0.347
   2.402
   1.347
  -1.686
   0.170
   0.000
  -0.170
   1.519
  -1.010
   0.842
   0.335
  -2.540
   2.205
   2.812
   1.457
  -0.161
  -0.971
  -0.489
  -0.656
   0.000
   0.000
  -2.330
   1.255
  -1.087
   1.336
   0.826
  -0.825
   1.318
   2.425
  -1.610
   1.610
   1.977
  -2.458
  -0.080
  -0.888
   0.565
   2.624
   1.635
   1.836
  -1.682
  -0.231
   2.895
   2.080
  -1.183
   0.371
   2.344
  -0.290
   2.156
   0.638
  -1.136
  -0.286
   0.856
   0.213
   0.920
  -2.351
  -1.014
  -0.952
  -0.590
  -0.817
  -2.645
   2.496
   1.556
   0.074
  -0.220
  -0.074
   1.898
  -0.798
  -2.137
   0.261
  -2.291
   3.509
  -1.404
  -0.747
   0.150
  -1.737
   0.683
  -1.678
  -1.473
  -1.811
   1.890
   2.769
  -1.529
   2.059
   0.302
  -1.135
   0.000
  -1.765
   0.000
  -0.466
   1.927
   0.153
   1.061
   0.075
  -1.902
  -0.771
   1.689
  -2.387
  -1.413
   0.788
   1.092
   0.542
  -0.696
  -1.094
  -0.314
   0.393
   0.470
   0.934
  -4.431
  -1.058
 -10.237
   1.260
   2.211
   0.871
   1.293
   1.361
  -1.532
   1.869
  -2.393
  -2.985
  -0.178
  -1.439
  -4.350
   2.982
   2.807
  -1.439
   0.361
  -0.181
   1.703
  -0.803
  -1.081
  -1.185
  -1.385
   0.000
  -0.279
   1.572
   0.366
   1.362
   0.718
   0.980
   0.883
   0.526
  -3.650
  -1.738
   2.371
   0.449
   3.091
  -2.109
  -0.892
   0.269
  -0.628
  -0.903
  -0.545
   0.908
   1.079
   0.713
   1.235
   1.739
  -2.266
   0.176
  -4.317
  -2.608
  -0.189
  -0.189
   0.284
  -0.379
   0.849
   2.690
   0.456
  -1.468
   2.194
   0.541
   0.627
   3.080
   4.904
   0.822
   2.185
  -1.289
  -0.896
  -0.742
   0.495
  -0.909
   0.992
  -0.412
   1.639
  -0.081
  -1.228
  -1.911
  -1.351
  -1.716
  -2.098
   0.088
   1.402
   0.607
   1.545
  -3.466
   2.008
  -0.868
  -1.229
   1.140
  -0.262
   2.505
  -1.288
  -1.304
  -2.035
   2.993
   1.036
  -0.258
   2.213
  -1.441
  -1.375
  -0.782
   0.782
  -0.608
  -1.404
  -3.506
   0.729
  -0.455
   1.539
  -0.812
   0.812
  -2.641
   1.284
   2.073
   1.768
   6.366
   3.236
  -1.929
  -0.488
   0.813
   1.446
   0.398
   0.396
  -1.194
  -1.208
  -1.141
   0.654
   0.972
   0.402
   0.481
  -1.206
  -1.221
  -1.490
   0.748
   1.152
   0.653
  -0.163
  -0.817
  -2.831
  -1.104
  -2.333
   0.000
  -0.087
  -0.175
  -0.880
   0.441
  -1.151
  -1.165
  -1.087
   0.817
  -1.090
  -0.641
   1.006
   0.454
  -0.544
  -2.770
  -2.178
  -0.479
  -1.942
  -0.985
   2.445
  -1.264
   0.877
  -0.681
   0.778
  -1.562
  -0.295
   3.778
   0.474
  -0.189
   1.598
  -1.125
  -1.905
   1.052
   1.042
  -0.946
  -2.113
   1.541
   4.851
   5.320
   1.031
  -0.772
  -1.039
  -0.087
   0.174
  -0.874
  -0.881
  -0.621
  -0.985
   0.270
   1.248
  -1.787
  -2.096
  -3.371
  -0.382
   0.192
   2.464
   0.653
  -2.640
   0.096
  -2.219
  -1.375
   2.250
   3.609
   1.482
   1.006
  -3.331
  -2.188
  -1.942
  -1.980
  -5.235
   2.189
  -1.245
   5.286
  -1.496
   3.941
  -1.460
   5.345
  -1.310
  -2.190
   4.700
   2.896
   0.268
   1.062
  -4.501
  -0.092
   0.276
   0.276
   5.614
  -2.456
   1.935
   1.126
  -0.258
  -1.918
  -4.042
   1.366
  -1.365
   6.132
   0.172
   0.857
   6.203
   0.719
  -4.895
  -2.369
   5.497
   2.718
  -1.509
   0.319
  -0.239
  -0.803
  -1.872
  -1.157
   0.910
  -1.829
   3.948
   2.233
  -2.637
   1.047
   2.140
   0.863
  -0.784
  -0.395
  -0.794
   0.635
  -1.114
   1.036
  -2.325
   2.404
   0.316
   0.158
   0.628
   0.624
  -3.082
   0.161
   0.240
  -5.167
  -1.698
   2.202
  -2.116
  -1.378
   2.991
   0.420
  -0.420
  -2.126
   0.343
   0.000
  -2.605
   0.876
  -1.759
  -1.519
   0.359
  -0.540
   3.284
   1.043
  -0.259
   0.605
   2.299
   0.420
  -1.096
   2.014
   3.910
  -1.286
   9.707
   3.535
  -3.388
  -1.626
  -2.720
   5.293
  -0.145
  -2.429
   0.149
  -3.329
   2.282
   0.150
  -1.742
   2.340
  -0.224
  -0.751
  -1.365
   2.042
   4.209
   3.192
  -1.123
  -0.425
  -1.717
  -0.289
  -1.973
  -4.606
  -2.188
   3.493
   1.289
   0.226
  -0.527
   0.302
  -0.984
  -1.456
   2.137
  -4.322
  -2.233
   0.963
   2.680
  -1.567
  -4.359
   2.606
   0.321
  -4.256
   0.998
   0.166
   3.732
   3.443
   4.218
  -2.388
  -3.379
   2.469
   2.707
  -3.934
   3.190
  -2.881
   1.375
  -0.762
  -0.306
   0.764
   6.910
  -2.299
   1.872
   2.813
   3.543
  13.152
   1.050
  -2.113
   3.726
  -3.370
  -0.474
   1.649
   0.931
  -1.399
   3.913
  11.301
   4.244
  -3.841
  -2.440
   0.922
  -1.517
   5.750
   0.196
   1.842
   0.000
  -3.519
  -1.302
   0.803
   0.995
  -3.015
  -0.409
  -4.506
   2.749
   0.624
  -5.978
   1.420
  -1.750
  -2.912
   8.493
  -1.049
   0.945
   3.491
  -1.423
   3.223
  -0.099
   2.740
  -2.740
   3.126
  -0.482
   0.385
   3.685
   0.278
  -6.398
  -1.791
  -0.705
  -2.353
   3.659
   0.993
  -0.495
  -1.702
   1.702
  -0.298
   1.581
  -3.796
   1.716
   0.300
  -0.701
  -0.201
  -0.404
  -1.734
   0.513
  -0.102
  -0.926
  -0.518
   2.261
  -3.306
  -1.482
   3.355
   1.433
  -2.157
  -0.520
   2.577
   1.214
   3.187
  -1.080
  -1.092
   4.679
   1.230
   4.326
  -2.370
  -1.862
   0.562
  -0.187
   0.187
  -2.555
   3.763
  -2.335
  -1.620
  -2.332
  -0.592
   0.984
   0.489
   0.680
   0.290
  -0.678
   0.000
   1.063
   0.766
   0.191
   0.286
  -0.667
   0.000
  -0.287
  -1.839
   2.317
  -0.863
  -3.926
  -0.703
  -2.243
  -1.245
   2.067
  -0.410
   0.308
   1.625
  -2.963
   3.466
   2.767
  -3.370
  -0.607
   0.000
   2.206
  -1.298
  -2.030
   0.919
   0.000
  -0.714
  -0.102
   2.330
   0.000
   0.599
  -0.299
  -2.322
  -4.172
  -1.178
   4.632
   0.513
  -0.410
  -1.531
   0.105
   2.378
  -2.168
   0.313
  -0.835
   2.180
   2.334
   2.575
  -0.785
  -1.189
  -0.100
   1.878
   1.265
   0.771
  -0.965
   1.156
  -0.384
   0.766
   1.984
   4.749
   1.593
   0.613
   1.644
  -1.448
   2.218
   3.350
  -0.165
  -1.413
   5.613
  -3.543
   2.349
  -2.022
  -0.574
   0.655
   3.292
  -1.352
   4.386
   0.230
  -1.464
   2.981