  61.829 
  60.127 
  60.148 
  59.136 
  58.319 
  57.499 
  60.949 
  62.123 
  62.175 
  62.116 
  51.686 
  52.605 
  50.655 
  52.465 
  52.003 
  52.730 
  54.754 
  53.420 
  52.816 
  53.368 
  53.449 
  53.602 
  54.033 
  54.294 
  40.364 
  38.403 
  23.961 
  22.257 
  24.557 
  26.940 
  27.251 
  25.986 
  29.322 
  25.543 
  29.628 
  30.652 
  29.646 
  30.154 
  31.050 
  25.737 
  25.576 
  28.304 
  25.344 
  20.294 
  17.571 
  18.076 
  16.586 
  18.495 
  18.769 
  22.173 
  19.230 
  18.782 
  15.717 
  22.553 
  21.210 
  21.898 
  22.099 
  22.349 
  22.771 
  25.618 
  27.470 
  29.241 
  35.697 
  37.516 
  36.702 
  39.239 
  41.791 
  42.529 
  44.085 
  43.932 
  46.638 
  50.141 
  44.875 
  41.749 
  40.118 
  41.611 
  41.333 
  44.959 
  50.097 
  48.871 
  48.575 
  47.805 
  47.867 
  48.710 
  48.392 
  44.741 
  42.798 
  45.887 
  46.614 
  50.452 
  53.428 
  53.138 
  49.549 
  48.112 
  48.367 
  45.335 
  41.700 
  42.379 
  45.781 
  45.439 
