0.0174931600000000
0.0113907800000000
0.0151239900000000
0.0147650200000000
0.00650885700000000
-0.00232163100000000
-0.0130905200000000
-0.0177570600000000
-0.0255824600000000
-0.0402999500000000
-0.0512124300000000
-0.0552328200000000
-0.0561661400000000
-0.0523611300000000
-0.0466177200000000
-0.0416640000000000
-0.0321873700000000
-0.0180442300000000
-0.00418824000000000
-9.60528900000000e-05
-0.00691637400000000
-0.0104342100000000
-0.000670403200000000
0.00866264100000000
0.00536018600000000
-0.00504976500000000
-0.0113675000000000
-0.00871118900000000
-0.00411644600000000
-0.00311136200000000
-9.60528900000000e-05
0.00794473300000000
0.0133291800000000
0.0164162800000000
0.0198623200000000
0.0209392000000000
0.0202212600000000
0.0167752200000000
0.0144778500000000
0.0113189800000000
0.00220131900000000
-0.00461900200000000
-0.00985986000000000
-0.0163930100000000
-0.0168955300000000
-0.0131623100000000
-0.0109367400000000
-0.0133059000000000
-0.0159622400000000
-0.0194082900000000
-0.0177570600000000
-0.0127315800000000
-0.00777787000000000
-0.00303956900000000
0.00363716500000000
0.0116061600000000
0.0178521000000000
0.0241698300000000
0.0252467700000000
0.0279030500000000
0.0317080900000000
0.0306312100000000
0.0264672300000000
0.0225186000000000
0.0207237900000000
0.0161291100000000
0.00887802200000000
0.00284743300000000
-0.00548049800000000
-0.0144546000000000
-0.0196954600000000
-0.0215620700000000
-0.0252952900000000
-0.0292438900000000
-0.0274490700000000
-0.0270901000000000
-0.0328335200000000
-0.0386487200000000
-0.0452536300000000
-0.0535816000000000
-0.0567404600000000
-0.0550174400000000
-0.0520021600000000
-0.0469048600000000
-0.0403717500000000
-0.0379307900000000
-0.0360641800000000
-0.0350590900000000
-0.0381461700000000
-0.0394384300000000
-0.0222082100000000
0.00765755800000000
0.0324260300000000
0.0494408900000000
0.0542509900000000
0.0487229500000000
0.0373079500000000
0.0156983400000000
-0.0124444100000000
-0.0463305400000000
-0.0720323000000000
-0.0700221100000000
-0.0392948400000000
0.00399613400000000
0.0368771900000000
0.0458512600000000
0.0373079500000000
0.0301286300000000
0.0295543400000000
0.0333593200000000
0.0416154600000000
0.0566919100000000
0.0658095800000000
0.0569790900000000
0.0406104000000000
0.0382412400000000
0.0546817500000000
0.0670301000000000
0.0607123100000000
0.0429795700000000
0.0229493700000000
0.0143342600000000
0.0309183900000000
0.0688249200000000
0.108741600000000
0.130925600000000
0.135448500000000
0.133007600000000
0.120372000000000
0.103931500000000
0.0928754500000000
0.0823937400000000
0.0659531700000000
0.0312773300000000
-0.0194082900000000
-0.0726784500000000
-0.105918400000000
-0.102759600000000
-0.0817243200000000
-0.0512124300000000
-0.0122290300000000
0.0108882200000000
0.00622168200000000
-0.0158904500000000
-0.0424537400000000
-0.0644222800000000
-0.0750476100000000
-0.0700939000000000
-0.0573866100000000
-0.0481253600000000
-0.0540841500000000
-0.0721758900000000
-0.0867497900000000
-0.0824422500000000
-0.0589660400000000
-0.0407307100000000
-0.0390076900000000
-0.0368539100000000
-0.0161776200000000
0.0136881500000000
0.0108882200000000
-0.0171827100000000
-0.0395102200000000
-0.0451100500000000
-0.0363513500000000
-0.0329053100000000
-0.0319719900000000
-0.00820863200000000
0.0312773300000000
0.0438410300000000
0.000765442800000000
-0.0532944200000000
-0.0578173700000000
-0.00548049800000000
0.0732760100000000
0.123674500000000
0.113910700000000
0.0507331200000000
-0.0217056600000000
-0.0692324000000000
-0.0825140500000000
-0.0721041000000000
-0.0489150600000000
-0.0188339400000000
0.0275441100000000
0.0566919100000000
0.0365181900000000
-0.0224235700000000
-0.0979494500000000
-0.102544200000000
-0.0424537400000000
0.00464224800000000
0.0167752200000000
0.0192161500000000
0.0251749500000000
0.0390309400000000
0.0536048700000000
0.0559022100000000
0.0246006000000000
-0.0402999500000000
-0.0945034000000000
-0.106205600000000
-0.0640633100000000
0.00737038300000000
0.0688966800000000
0.0804553300000000
0.0294825100000000
-0.0336232200000000
-0.0621967000000000
-0.0526482800000000
-0.00569587900000000
0.0648045200000000
0.112905600000000
0.110105700000000
0.0752862400000000
0.0625789500000000
0.0626507100000000
0.0378104700000000
-0.00691637400000000
-0.0649966300000000
-0.106421000000000
-0.125805000000000
-0.115107900000000
-0.0593250100000000
0.00184235000000000
0.0490818900000000
0.0678915700000000
0.0577688500000000
0.0400360500000000
0.0200059100000000
-0.00210624900000000
-0.0314694600000000
-0.0281669800000000
0.0335029100000000
0.0874910100000000
0.0681787400000000
0.00435507300000000
-0.0349873000000000
-0.0411614500000000
-0.0211313100000000
0.0309901500000000
0.0680351600000000
0.0469999000000000
-0.0180442300000000
-0.0714579500000000
-0.0682990800000000
-0.0168237400000000
0.0340054300000000
0.0296979200000000
-0.0218492400000000
-0.0781346900000000
-0.115395100000000
-0.102041600000000
-0.0621967000000000
-0.0379307900000000
-0.0197672500000000
0.000478267700000000
0.0228057800000000
0.0186418000000000
-0.0196954600000000
-0.0493458200000000
-0.0201262200000000
0.0265390000000000
0.0314927400000000
0.0128266200000000
-0.0104342100000000
0.00198593700000000
0.0538202200000000
0.103357200000000
0.0907934600000000
0.0375950600000000
0.0163444600000000
0.0388873500000000
0.0765067000000000
0.0965368400000000
0.0922292800000000
0.0745683000000000
0.0805989200000000
0.100916200000000
0.0913678100000000
0.0479332500000000
-0.00117296000000000
-0.0479817700000000
-0.0854575300000000
-0.0814371400000000
-0.0281669800000000
0.0343644300000000
0.0663121600000000
0.0653788700000000
0.0462820200000000
0.0228776000000000
0.0198623200000000
0.0471434900000000
0.0572662700000000
0.0216571400000000
-0.0404435400000000
-0.0907701800000000
-0.0673658000000000
0.00155517500000000
0.101705900000000
0.187354600000000
0.190010900000000
0.102495600000000
-0.00167548700000000
-0.0560225500000000
-0.0458279800000000
0.0195751500000000
0.0891422300000000
0.121879700000000
0.0829680300000000
0.00428327900000000
-0.0326899300000000
-0.00813683900000000
0.0284056400000000
0.0195751500000000
-0.0288849200000000
-0.0950777500000000
-0.155814300000000
-0.159547600000000
-0.0956521000000000
-0.0129469300000000
0.0553996900000000
0.0669582800000000
0.00614988800000000
-0.0883292600000000
-0.133415000000000
-0.123364100000000
-0.109723400000000
-0.114892500000000
-0.122717900000000
-0.100103200000000
-0.0748322300000000
-0.0457561900000000
-0.0358488000000000
-0.0555200000000000
-0.0685862600000000
-0.0746886400000000
-0.0716015400000000
-0.0936419100000000
-0.113241300000000
-0.0795705300000000
-0.0347719200000000
0.0207237900000000
0.0592046700000000
0.0482204300000000
0.0236673100000000
-0.0104342100000000
-0.0448229000000000
-0.0606172700000000
-0.0746168500000000
-0.0606890600000000
-0.0171827100000000
0.0133291800000000
0.0258928800000000
0.0382412400000000
0.0626507100000000
0.0872755900000000
0.0823219100000000
0.0398206400000000
-0.00792145700000000
-0.0283105700000000
0.00500121700000000
0.0465692000000000
0.0620046000000000
0.0472153100000000
-0.000742197000000000
-0.0263003700000000
-0.00138834100000000
0.0320670300000000
0.0383848200000000
0.0347233700000000
0.0608559000000000
0.0794502200000000
0.0253185300000000
-0.0626274600000000
-0.104841600000000
-0.0609762400000000
0.0325696200000000
0.108669800000000
0.121377100000000
0.0664557500000000
-0.000957578400000000
-0.0265157500000000
0.00356537100000000
0.0439846200000000
0.0556868600000000
0.0203648500000000
-0.0334078700000000
-0.0576019900000000
-0.0558071700000000
-0.0421665600000000
-0.00555229200000000
0.0351541300000000
0.0198623200000000
-0.0561661400000000
-0.122215400000000
-0.104913400000000
-0.0266593400000000
0.0387437600000000
0.0529587000000000
0.0429795700000000
0.0174213300000000
-0.0331206900000000
-0.0806474400000000
-0.101251900000000
-0.0791397700000000
-0.0136648700000000
0.0607123100000000
0.0859115400000000
0.0360874200000000
-0.0410178900000000
-0.0787808300000000
-0.0572430200000000
-0.0270901000000000
-0.00670099300000000
0.0279030500000000
0.0677479800000000
0.116423500000000
0.132217800000000
0.0912242200000000
0.0454922600000000
0.0223032500000000
0.0599944300000000
0.138248400000000
0.179816300000000
0.151314600000000
0.0727017200000000
0.0134009700000000
-0.0181160300000000
-0.0212748900000000
-0.00583946700000000
0.00880622900000000
0.00614988800000000
0.00313460800000000
0.0170624000000000
0.0304876300000000
0.0510202900000000
0.0767221200000000
0.0841885500000000
0.0323542100000000
-0.0368539100000000
-0.0637043700000000
-0.0104342100000000
0.0884243000000000
0.144350800000000
0.125900100000000
0.0611430700000000
0.00988313600000000
0.00148338100000000
0.00234490600000000
-0.00497797100000000
-0.0195518700000000
-0.0499919700000000
-0.0621249100000000
-0.0578891600000000
-0.0354898300000000
-0.00705996200000000
0.0111036000000000
0.0343644300000000
0.0472870800000000
0.00844726000000000
-0.0565968800000000
-0.0996725000000000
-0.111231100000000
-0.125876800000000
-0.128174200000000
-0.112882300000000
-0.0966571900000000
-0.0465459200000000
-0.0148135400000000
-0.00181907400000000
0.0169188100000000
0.0132573800000000
-0.0123726100000000
-0.0495612000000000
-0.0648530400000000
-0.0558789700000000
-0.0508534600000000
-0.0469048600000000
-0.0231415000000000
0.00636526900000000
0.0136163500000000
0.0166316300000000
0.0200059100000000
0.000262916100000000
-0.0312540800000000
-0.0548738500000000
-0.0422383500000000
-0.0153161000000000
0.00715500100000000
0.0495126500000000
0.0618610100000000
0.0370207700000000
0.00571915500000000
-0.00985986000000000
-0.0108649700000000
-0.0239312400000000
-0.0244337600000000
-0.00878298300000000
0.0138317000000000
0.0346516100000000
0.0323542100000000
0.00392434000000000
-0.0463305400000000
-0.0710990100000000
-0.0308233200000000
0.0315645000000000
0.0507331200000000
0.0131138000000000
-0.0270183100000000
-0.0372846700000000
-0.0161058300000000
-0.0114392900000000
-0.0425255300000000
-0.0588224500000000
-0.0560943500000000
-0.0483407400000000
-0.0425255300000000
-0.0446793100000000
-0.0362077700000000
-0.00490617800000000
0.0386720000000000
0.0676043900000000
0.0524561700000000
0.0111753900000000
-0.0371410800000000
-0.0570276400000000
-0.0355616200000000
0.00263205200000000
0.0140470900000000
0.0212981400000000
0.0649481100000000
0.124392400000000
0.146576400000000
0.0678198000000000
-0.0573148100000000
-0.146553100000000
-0.132553500000000
-0.0444639300000000
0.0213699600000000
0.0643737600000000
0.0884243000000000
0.104649500000000
0.111110800000000
0.0791630400000000
0.00177055600000000
-0.0644222800000000
-0.0754065500000000
-0.0362795600000000
-0.00246521800000000
0.0190725600000000
0.0444872100000000
0.0454205000000000
-0.00246521800000000
-0.0623402900000000
-0.0963700100000000
-0.120923100000000
-0.121066700000000
-0.0604018900000000
0.0260364700000000
0.0803117500000000
0.0788041100000000
0.0526715200000000
0.0276159300000000
-0.00311136200000000
-0.0268029300000000
-0.0270901000000000
-0.0235722700000000
-0.0163212100000000
0.0212263800000000
0.0719837800000000
0.103070000000000
0.0892858200000000
0.0495844800000000
0.0363028300000000
0.0658814000000000
0.119438700000000
0.152894100000000
0.140330400000000
0.0781579300000000
-0.000455021900000000
-0.0485561200000000
-0.0349155100000000
0.00787293900000000
0.0325696200000000
0.0220160800000000
-0.0150289200000000
-0.0110803200000000
0.0476460800000000
0.107162200000000
0.116997700000000
0.0571226800000000
-0.0340539800000000
-0.126092200000000
-0.134922700000000
-0.0352744800000000
0.0698299700000000
0.0994086000000000
-0.00691637400000000
-0.177639300000000
-0.254744600000000
-0.189628700000000
-0.0402281600000000
0.0852654300000000
0.0922292800000000
0.00643706300000000
-0.0628428500000000
-0.0439613800000000
0.0377386500000000
0.100844400000000
0.115920900000000
0.0793784000000000
0.0108882200000000
-0.0599711500000000
-0.0939290800000000
-0.0731810000000000
-0.0283105700000000
0.00902161000000000
0.0210827900000000
0.00177055600000000
-0.0543713000000000
-0.0954367200000000
-0.0726784500000000
-0.0408025100000000
-0.0232850900000000
-0.000742197000000000
0.0136163500000000
0.0314927400000000
0.0344362000000000
0.0118933000000000
-0.00598305500000000
-0.0318284000000000
-0.0709554300000000
-0.0839498900000000
-0.0750476100000000
-0.0670068300000000
-0.0406589200000000
0.0113189800000000
0.0718402000000000
0.0838295500000000
0.0478614300000000
-0.00469079600000000
-0.0589660400000000
-0.0744732600000000
-0.0390794900000000
-0.00102937200000000
0.0148368200000000
0.0355849000000000
0.0667429300000000
0.0758605900000000
0.0772964100000000
0.102998200000000
0.127264100000000
0.102854600000000
0.0417590400000000
-0.00526511700000000
-0.0456844000000000
-0.0465459200000000
-0.0159622400000000
0.0196469100000000
0.0508767100000000
0.0216571400000000
-0.0367103200000000
-0.103405700000000
-0.116041200000000
-0.0599711500000000
-0.000670403200000000
0.0358002500000000
0.0264672300000000
0.00313460800000000
-0.0120136400000000
-0.0404435400000000
-0.0447511100000000
0.00191414400000000
0.0560458000000000
0.0917985700000000
0.0928754500000000
0.0487229500000000
-0.0118700600000000
-0.0624120800000000
-0.0825140500000000
-0.0543713000000000
-0.00102937200000000
0.0403232300000000
0.0482921900000000
0.0263236500000000
0.0338618500000000
0.0574098500000000
0.0509485300000000
-0.00483438400000000
-0.0805038500000000
-0.0988109700000000
-0.0536533900000000
-0.0154596900000000
-0.0125162000000000
-0.0292438900000000
-0.0431716400000000
-0.0496330000000000
-0.0418075900000000
-0.00210624900000000
0.0480768400000000
0.0490818900000000
-0.0213466900000000
-0.0707400400000000
-0.0316848200000000
0.0411129300000000
0.0946702700000000
0.0981163100000000
0.0487229500000000
0.0112471900000000
0.00162696800000000
0.0245288300000000
0.0620046000000000
0.0928754500000000
0.0935215700000000
0.0626507100000000
0.00256025800000000
-0.0667914500000000
-0.102544200000000
-0.105200500000000
-0.0927803800000000
-0.0550892400000000
-0.00512155900000000
0.0261800600000000
0.0138317000000000
-0.0351308900000000
-0.0619095600000000
-0.0332642800000000
-0.000885784600000000
0.0139035000000000
0.00356537100000000
-0.0139520500000000
0.00988313600000000
-0.0125162000000000
-0.0469766600000000
-0.0389359000000000
-0.00347030200000000
0.0566201500000000
0.0928036300000000
0.101131600000000
0.0640147600000000
-0.0150289200000000
-0.0561661400000000
-0.0413050400000000
0.0102420700000000
0.0498716500000000
0.0367336000000000
0.0108882200000000
-0.00354209500000000
0.0202212600000000
0.0656660500000000
0.0808142700000000
0.0372361200000000
-0.0357770000000000
-0.0777757200000000
-0.0534380100000000
-0.00677278600000000
0.0134727700000000
0.00112441200000000
-0.0144546000000000
0.00313460800000000
0.0278312900000000
0.0381694100000000
0.0594200800000000
0.0758605900000000
0.0462820200000000
-0.0155314800000000
-0.0531508300000000
-0.0533662100000000
-0.0186185500000000
0.0253185300000000
0.0556868600000000
0.0642301700000000
0.0229493700000000
-0.00777787000000000
0.00212952500000000
0.000621855300000000
-0.0186903500000000
-0.0438895800000000
-0.0502791400000000
-0.0266593400000000
0.0275441100000000
0.0543228100000000
0.0423333900000000
-0.00181907400000000
-0.0525046900000000
-0.0669350300000000
-0.0473356200000000
-0.0227825300000000
-0.0136648700000000
-0.0222082100000000
-0.0339103900000000
-0.0532226300000000
-0.0848113900000000
-0.117046300000000
-0.147917200000000
-0.128676700000000
-0.0526482800000000
0.0118933000000000
0.0460666100000000
0.0488665400000000
0.00471404200000000
-0.0540841500000000
-0.0934983200000000
-0.0921342700000000
-0.0384333400000000
0.0172777500000000
0.0485793700000000
0.0475024900000000
0.00636526900000000
-0.0169673300000000
0.00500121700000000
0.0441282100000000
0.0517382300000000
0.0249595900000000
-0.00196266200000000
-0.00454720900000000
0.00119620600000000
-0.0406589200000000
-0.0957956900000000
-0.0970879500000000
-0.0436742000000000
0.0506613600000000
0.116997700000000
0.0973983700000000
0.0370925400000000
-0.0206287500000000
-0.0609762400000000
-0.0645658700000000
-0.0423101500000000
-0.00533691000000000
0.0416872800000000
0.0854090200000000
0.121951500000000
0.136310000000000
0.109890300000000
0.0795938100000000
0.0589174900000000
0.0423333900000000
0.0358002500000000
0.0397488800000000
0.0496562400000000
0.0765067000000000
0.139971400000000
0.200636200000000
0.198051700000000
0.155478600000000
0.0854807800000000
0.0251749500000000
-0.00232163100000000
-0.0133059000000000
-0.00950089100000000
0.00959596000000000
0.0275441100000000
0.0315645000000000
0.0181392700000000
-0.00569587900000000
-0.0271619000000000
-0.0257260500000000
-0.0313258800000000
-0.0703810800000000
-0.126020400000000
-0.146050500000000
-0.0716015400000000
0.0649481100000000
0.135735700000000
0.0833270300000000
-0.0415204200000000
-0.132194500000000
-0.150717100000000
-0.142891700000000
-0.109364500000000
-0.0716015400000000
-0.0756219300000000
-0.120707700000000
-0.140522500000000
-0.0688734400000000
0.0453486700000000
0.116495200000000
0.110105700000000
0.0498716500000000
-0.0153161000000000
-0.0850985600000000
-0.139732800000000
-0.166439700000000
-0.149353000000000
-0.0752629600000000
-0.0156032700000000
-0.0168955300000000
-0.0280951900000000
-0.0233568800000000
-0.0252234900000000
-0.0172545000000000
0.0109600100000000
0.0619327700000000
0.0884243000000000
0.0483640100000000
-0.0226389500000000
-0.0602583000000000
-0.0430280600000000
0.00177055600000000
0.0378104700000000
0.0438410300000000
0.0148368200000000
-0.00526511700000000
0.00162696800000000
-0.00784966300000000
-0.0430280600000000
-0.0835909200000000
-0.0759809000000000
-0.00160369300000000
0.0566201500000000
0.0730606600000000
0.0651634600000000
0.0183546800000000
-0.0208441300000000
-0.0107931800000000
0.0285492200000000
0.0495844800000000
0.0523125800000000
0.0674608600000000
0.0426205700000000
-0.0154596900000000
-0.0512842200000000
-0.0287413300000000
0.0289799900000000
0.0469281400000000
0.0284056400000000
0.0288364000000000
0.0635122400000000
0.0971830200000000
0.0861987200000000
0.0259647100000000
-0.0261567800000000
-0.0415922100000000
-0.0549456500000000
-0.0672222100000000
-0.0624838800000000
-0.0333360700000000
0.0220160800000000
0.0661685800000000
0.0707633200000000
0.0441282100000000
0.0230211900000000
0.0442718000000000
0.0884960600000000
0.0862705400000000
0.0282620500000000
-0.0245055600000000
-0.0301053800000000
0.0102420700000000
0.0279030500000000
-0.00217804300000000
-0.0343411600000000
-0.0379307900000000
-0.0115828800000000
0.0359438400000000
0.0854807800000000
0.106085300000000
0.0910806400000000
0.0684659200000000
0.0463537900000000
0.0251749500000000
-0.0144546000000000
-0.0594686000000000
-0.0692324000000000
-0.0364231500000000
0.0307029800000000
0.0817475600000000
0.0908652200000000
0.0599226100000000
-0.00885477700000000
-0.0498483800000000
-0.0580327500000000
-0.0484843300000000
-0.0217774500000000
-0.0324745500000000
-0.0638479300000000
-0.0894061300000000
-0.0914881200000000
-0.0416640000000000
-0.000383228100000000
0.00141158700000000
-0.0258696400000000
-0.0854575300000000
-0.116615600000000
-0.0677965300000000
0.0128984200000000
0.0484357800000000
0.0412565200000000
0.0200059100000000
0.0256057100000000
0.0533177000000000
0.0635840600000000
0.0768657000000000
0.0760759400000000
0.0525279300000000
-0.00985986000000000
-0.0596121800000000
-0.0761962800000000
-0.0513560200000000
0.0197187400000000
0.0582713800000000
0.0454205000000000
0.00693962000000000
-0.0225671500000000
-0.0104342100000000
-0.00390106400000000
-0.0288131200000000
-0.0451818400000000
-0.0461151600000000
-0.0173263000000000
0.0314209200000000
0.0528869300000000
0.0286928100000000
0.00256025800000000
0.00614988800000000
0.0132573800000000
0.00981134200000000
0.0135445600000000
0.0238827200000000
0.0311337400000000
0.0282620500000000
0.00916519800000000
-0.135209900000000
-0.0972315400000000
-0.0803602600000000
-0.0866780000000000
-0.0921342700000000
-0.0739707100000000
-0.00993165400000000
0.0458512600000000
0.0648045200000000
0.0819629700000000
0.0983316600000000
0.0925882800000000
0.0536766400000000
0.00909340400000000
-0.0191211100000000
-0.0236440600000000
-0.0146699500000000
-0.0115110900000000
-0.00741890100000000
0.0248877700000000
0.0808860400000000
0.121448900000000
0.107162200000000
0.0527433500000000
-0.0255106700000000
-0.115897600000000
-0.192141400000000
-0.201761700000000
-0.146768500000000
-0.0887599900000000
-0.0637043700000000
-0.0408743000000000
0.0216571400000000
0.116423500000000
0.179098500000000
0.173714000000000
0.141981600000000
0.108239100000000
0.0749990600000000
0.0561893900000000
0.0589893200000000
0.0646609400000000
0.0765785300000000
0.0846910800000000
0.0820347400000000
0.0560458000000000
0.00701141400000000
-0.0383615500000000
-0.0541559500000000
-0.0398691900000000
-0.0347719200000000
-0.0685144700000000
-0.121856400000000
-0.162562800000000
-0.196090000000000
-0.222940500000000
-0.236868300000000
-0.213463800000000
-0.153875900000000
-0.0865344100000000
-0.0273054800000000
-0.00548049800000000
0.00241667000000000
0.0173495700000000
0.0429077400000000
0.0778707600000000
0.113264500000000
0.128700000000000
0.129848700000000
0.119366900000000
0.0889268200000000
0.0581995500000000
0.0421180400000000
0.0340054300000000
0.0192161500000000
0.00126799900000000
0.00830367200000000
0.0348669600000000
0.0643019400000000
0.0805989200000000
0.0688249200000000
0.0429077400000000
0.0217289000000000
0.0408975800000000
0.0859115400000000
0.116351600000000
0.119725900000000
0.0923728600000000
0.0536048700000000
0.0203648500000000
-0.00124475400000000
-0.0286695400000000
-0.0683708800000000
-0.104195400000000
-0.122861500000000
-0.123220500000000
-0.103262100000000
-0.0701656900000000
-0.0440331700000000
-0.0214902800000000
-0.00210624900000000
0.0108882200000000
0.0345080200000000
0.0721991400000000
0.0930190400000000
0.0716966100000000
0.0384565900000000
0.0255339400000000
0.0215135500000000
0.0227340200000000
0.0389591800000000
0.0648045200000000
0.102567500000000
0.118505400000000
0.0986906600000000
0.0781579300000000
0.0917985700000000
0.121377100000000
0.131356300000000
0.126905200000000
0.120156700000000
0.0928036300000000
0.0432666800000000
-0.0107931800000000
-0.0751194100000000
-0.131907400000000
-0.149137600000000
-0.137291800000000
-0.116041200000000
-0.0931393500000000
-0.0872523500000000
-0.110082400000000
-0.142532700000000
-0.159762900000000
-0.134850900000000
-0.0788526200000000
-0.0146699500000000
0.0362310100000000
0.0554714500000000
0.0436974500000000
0.0311337400000000
0.0378104700000000
0.0564047400000000
0.0664557500000000
0.0561893900000000
0.0324977900000000
0.000837236600000000
-0.0480535600000000
-0.0858165000000000
-0.0914881200000000
-0.100103200000000
-0.115897600000000
-0.123005100000000
-0.110800400000000
-0.0816525200000000
-0.0375000200000000
0.0108882200000000
0.0635840600000000
0.110680000000000
0.135520300000000
0.164380900000000
0.206236000000000
0.266900900000000
0.328211800000000
0.340631900000000
0.301361400000000
0.200923400000000
0.0444153800000000
-0.111159300000000
-0.232632500000000
-0.325891200000000
-0.385048300000000
-0.393448100000000
-0.361069600000000
-0.300548400000000
-0.255319000000000
-0.250867800000000
-0.271328700000000
-0.297963800000000
-0.301697000000000
-0.292435800000000
-0.294517800000000
-0.274415800000000
-0.217484200000000
-0.118554000000000
-0.0241465900000000
0.0469999000000000
0.112259500000000
0.175078100000000
0.244214400000000
0.305309900000000
0.347236800000000
0.354487900000000
0.317586500000000
0.261660000000000
0.210184700000000
0.173498600000000
0.147078900000000
0.131715300000000
0.123746300000000
0.105798100000000
0.0929472100000000
0.0826090900000000
0.0775835800000000
0.0677479800000000
0.0343644300000000
-0.00268060000000000
-0.0188339400000000
-0.0306079400000000
-0.0567404600000000
-0.0830165700000000
-0.107067100000000
-0.136214900000000
-0.146122300000000
-0.111661900000000
-0.0424537400000000
0.0238827200000000
0.0697582100000000
0.0915114000000000
0.102136700000000
0.115346500000000
0.130782000000000
0.136381800000000
0.138320200000000
0.141838000000000
0.149950600000000
0.134156200000000
0.108167300000000
0.0943830900000000
0.0854807800000000
0.0693992700000000
0.0453486700000000
0.0133291800000000
-0.0179006500000000
-0.0125162000000000
0.0236673100000000
0.0428359800000000
0.0275441100000000
-0.0115828800000000
-0.0471920400000000
-0.0529354500000000
-0.0412332400000000
-0.0542995300000000
-0.116615600000000
-0.180798200000000
-0.231627400000000
-0.255606100000000
-0.232704300000000
-0.174911200000000
-0.0920624700000000
-0.0144546000000000
0.0401796400000000
0.0678915700000000
0.0763631200000000
0.0793784000000000
0.0834706100000000
0.0839731400000000
0.0776554000000000
0.0790912200000000
0.0648045200000000
0.0322824400000000
0.0139035000000000
0.0212263800000000
0.0277595200000000
0.00679603200000000
-0.0157468600000000
-0.0390076900000000
-0.0738271200000000
-0.112667000000000
-0.148204300000000
-0.179290500000000
-0.209228100000000
-0.238232300000000
-0.267164800000000
-0.274272200000000
-0.248785800000000
-0.216048400000000
-0.185033900000000
-0.165650000000000
-0.142819900000000
-0.0906266000000000
-0.0270901000000000
0.0304158000000000
0.0701171500000000
0.101131600000000
0.129633300000000
0.154473600000000
0.183477800000000
0.211835900000000
0.225620100000000
0.217148500000000
0.197118400000000
0.188359700000000
0.208748800000000
0.255342200000000
0.299997300000000
0.315145500000000
0.303874000000000
0.239978600000000
0.124751400000000
0.00413972100000000
-0.0955085200000000
-0.185967300000000
-0.272262000000000
-0.318352900000000
-0.332496100000000
-0.326321900000000
-0.316701700000000
-0.314476100000000
-0.279082400000000
-0.190633800000000
-0.0732528000000000
0.0300568600000000
0.108239100000000
0.163663000000000
0.183621400000000
0.179601000000000
0.154330000000000
0.110105700000000
0.0698299700000000
0.0546099200000000
0.0658095800000000
0.0906498700000000
0.120946400000000
0.160719500000000
0.206810400000000
0.244645100000000
0.229353300000000
0.170914100000000
0.129776900000000
0.109244100000000
0.0838295500000000
0.0341490200000000
-0.0184749700000000
-0.0303925600000000
-0.0149571300000000
-0.00928551000000000
-0.0380025800000000
-0.0769860100000000
-0.101898000000000
-0.124297400000000
-0.168880600000000
-0.222725100000000
-0.281882300000000
-0.325747600000000
-0.306435300000000
-0.245268000000000
-0.163639800000000
-0.0676529400000000
0.0124676500000000
0.0665993400000000
0.116351600000000
0.174431900000000
0.217507500000000
0.206164300000000
0.170124300000000
0.138607400000000
0.112403100000000
0.0854090200000000
0.0454922600000000
0.000262916100000000
-0.0634889900000000
-0.126164000000000
-0.175270200000000
-0.218561100000000
-0.258765000000000
-0.265657100000000
-0.231842800000000
-0.192787600000000
-0.168952400000000
-0.162706400000000
-0.162275700000000
-0.148563300000000
-0.119702600000000
-0.0862472700000000
-0.0669350300000000
-0.0641351000000000
-0.0523611300000000
-0.0111521200000000
0.0426923900000000
0.108310800000000
0.197477400000000
0.274726200000000
0.311914800000000
0.328714300000000
0.329719500000000
0.300356200000000
0.243209300000000
0.168760300000000
0.102280300000000
0.0597072500000000
0.0600661900000000
0.0956753800000000
0.143130300000000
0.178452300000000
0.206523200000000
0.214635800000000
0.181324000000000
0.123028400000000
0.0640865900000000
-0.0123726100000000
-0.120061600000000
-0.241678400000000
-0.352095500000000
-0.436523600000000
-0.479886400000000
-0.484409400000000
-0.461220300000000
-0.405078500000000
-0.334290900000000
-0.273482500000000
-0.213822800000000
-0.126594700000000
-0.00863939500000000
0.143776400000000
0.296910200000000
0.412783500000000
0.489529900000000
0.515590700000000
0.501519300000000
0.474812400000000
0.444300500000000
0.386722800000000
0.313781500000000
0.253332000000000
0.202933600000000
0.143130300000000
0.0548971000000000
-0.0311105000000000
-0.105272300000000
-0.180152100000000
-0.234068300000000
-0.250149900000000
-0.249216600000000
-0.244837200000000
-0.265585300000000
-0.291502500000000
-0.283030900000000
-0.230048000000000
-0.149712000000000
-0.0665760600000000
0.0195033300000000
0.0898601700000000
0.161652800000000
0.227271300000000
0.255270500000000
0.228276400000000
0.139397100000000
0.0330721400000000
-0.0382179600000000
-0.0729656200000000
-0.0915599200000000
-0.123292300000000
-0.149999100000000
-0.154163100000000
-0.134779100000000
-0.110513200000000
-0.0942162300000000
-0.0807192300000000
-0.0692324000000000
-0.0590378300000000
-0.0250081100000000
0.0133291800000000
0.0424052200000000
0.0705479100000000
0.0744247100000000
0.0358720700000000
-0.00662919900000000
-0.0509970500000000
-0.0924214100000000
-0.130112600000000
-0.147486400000000
-0.127671600000000
-0.100749400000000
-0.0754783500000000
-0.0578891600000000
-0.0548738500000000
-0.0455408100000000
-0.0222082100000000
0.00751397000000000
0.0431949200000000
0.0760041800000000
0.110392800000000
0.126833300000000
0.112762000000000
0.102495600000000
0.107880100000000
0.118936200000000
0.114413200000000
0.0950292100000000
0.0703325600000000
0.0602097800000000
0.0553278600000000
0.0435538600000000
0.0224468400000000
-0.00296777500000000
-0.00490617800000000
0.0163444600000000
0.0535330500000000
0.0716247900000000
0.0664557500000000
0.0396052900000000
-0.0138084600000000
-0.0651402200000000
-0.0861754700000000
-0.0740425000000000
-0.0545148800000000
-0.0626274600000000
-0.100103200000000
-0.136861100000000
-0.164285900000000
-0.181803300000000
-0.198602800000000
-0.217986800000000
-0.239596400000000
-0.249144800000000
-0.235001700000000
-0.209587000000000
-0.149712000000000
-0.0530072500000000
0.0461384400000000
0.127048800000000
0.181970100000000
0.223107300000000
0.254050000000000
0.275372400000000
0.279536300000000
0.253762800000000
0.188503300000000
0.0988342500000000
0.0320670300000000
0.0181392700000000
0.0437692700000000
0.0734914200000000
0.0866294800000000
0.0853371900000000
0.101562400000000
0.135089500000000
0.164452700000000
0.178165100000000
0.169119300000000
0.130279400000000
0.0569790900000000
-0.0239312400000000
-0.0730374200000000
-0.0840934800000000
-0.0901240700000000
-0.115825800000000
-0.169885700000000
-0.233781200000000
-0.281020800000000
-0.321799000000000
-0.337449800000000
-0.325819400000000
-0.305861000000000
-0.281810500000000
-0.262139300000000
-0.217340600000000
-0.126092200000000
-0.0173263000000000
0.0930190400000000
0.185847000000000
0.277239000000000
0.363605600000000
0.424126800000000
0.449397800000000
0.457869300000000
0.439921200000000
0.385789500000000
0.317873600000000
0.262593300000000
0.222892000000000
0.184411100000000
0.142914900000000
0.0840449600000000
0.0146214400000000
-0.0464023400000000
-0.0788526200000000
-0.0904830100000000
-0.103333900000000
-0.118769300000000
-0.151722200000000
-0.187331300000000
-0.200900100000000
-0.199966800000000
-0.218776500000000
-0.271974900000000
-0.307512200000000
-0.302558500000000
-0.252734400000000
-0.164716600000000
-0.0766270500000000
-0.0150289200000000
0.0197905000000000
0.0413282800000000
0.0396052900000000
0.0233083700000000
0.0109600100000000
-0.00813683900000000
-0.0554482000000000
-0.133343200000000
-0.212243400000000
-0.240170700000000
-0.190274800000000
-0.0863190600000000
0.0361592500000000
0.156555500000000
0.258860100000000
0.328570800000000
0.364395300000000
0.364826100000000
0.352908500000000
0.338478100000000
0.298776800000000
0.211835900000000
0.0981163100000000
-0.00971627200000000
-0.0956521000000000
-0.141814800000000
-0.168880600000000
-0.205710200000000
-0.224304600000000
-0.211669000000000
-0.167875500000000
-0.130040800000000
-0.118482200000000
-0.108431200000000
-0.0991699400000000
-0.0881856700000000
-0.0594686000000000
-0.0166083600000000
-0.0168237400000000
-0.0749040200000000
-0.147917200000000
-0.210017800000000
-0.248355100000000
-0.265657100000000
-0.258334300000000
-0.215402200000000
-0.143753200000000
-0.0675093800000000
0.00859084700000000
0.0949574400000000
0.199343900000000
0.292459000000000
0.342498500000000
0.347954800000000
0.316150600000000
0.266111100000000
0.223753500000000
0.184770100000000
0.121448900000000
0.0369489500000000
-0.0447511100000000
-0.101251900000000
-0.122574300000000
-0.118123200000000
-0.0856729100000000
-0.0511406400000000
-0.0420947700000000
-0.0254388700000000
0.0244570100000000
0.0833270300000000
0.117356700000000
0.134084400000000
0.141335500000000
0.142125200000000
0.139109900000000
0.125541100000000
0.0971830200000000
0.0678198000000000
0.0576252600000000
0.0487229500000000
0.0334311400000000
0.0224468400000000
-0.000383228100000000
-0.0229979200000000
-0.0408743000000000
-0.0535816000000000
-0.0575301900000000
-0.0544430900000000
-0.0364231500000000
-0.0285977400000000
-0.0489868500000000
-0.0898369000000000
-0.124584500000000
-0.144901900000000
-0.155742600000000
-0.145763400000000
-0.126666500000000
-0.101754500000000
-0.0853139500000000
-0.0820114900000000
-0.0745450600000000
-0.0276644500000000
0.0548253400000000
0.114341500000000
0.114556800000000
0.0592046700000000
-0.0148135400000000
-0.0680837000000000
-0.0863908500000000
-0.0758373100000000
-0.0564532900000000
-0.0404435400000000
-0.0189057300000000
0.0132573800000000
0.0472870800000000
0.0615738300000000
0.0335029100000000
-0.0140238400000000
-0.0280233900000000
-0.00268060000000000
0.0358720700000000
0.0589174900000000
0.0555432700000000
0.0502305900000000
0.0605687200000000
0.0681787400000000
0.0247441800000000
-0.0793551500000000
-0.194510600000000
-0.271544100000000
-0.290856400000000
-0.271041600000000
-0.243329600000000
-0.220284200000000
-0.176490600000000
-0.0826576400000000
0.0392462900000000
0.146217400000000
0.221456100000000
0.261947200000000
0.286715700000000
0.322396600000000
0.362026100000000
0.380046100000000
0.376241100000000
0.337257700000000
0.255126900000000
0.168975700000000
0.100629100000000
0.0322106200000000
-0.0527918600000000
-0.143753200000000
-0.199177100000000
-0.175700900000000
-0.108718400000000
-0.0459715700000000
0.00507301100000000
0.0406821700000000
0.0541074000000000
0.0524561700000000
0.0310619800000000
-0.0156032700000000
-0.0623402900000000
-0.102975000000000
-0.140522500000000
-0.164285900000000
-0.161557800000000
-0.130184400000000
-0.0704528700000000
0.0120368900000000
0.0888550600000000
0.139612500000000
0.158637500000000
0.155694000000000
0.135089500000000
0.0990496000000000
0.0468563100000000
-0.00763428200000000
-0.0665760600000000
-0.107497900000000
-0.108000400000000
-0.100749400000000
-0.0906983900000000
-0.0637043700000000
-0.0299617900000000
0.00557556700000000
0.0365900100000000
0.0396770500000000
-0.0118700600000000
-0.0863908500000000
-0.137579000000000
-0.150645300000000
-0.149496600000000
-0.165506400000000
-0.182377600000000
-0.179936700000000
-0.185680100000000
-0.219781600000000
-0.251442200000000
-0.240098900000000
-0.175557300000000
-0.0854575300000000
0.0144778500000000
0.109818500000000
0.167611600000000
0.190082700000000
0.211189800000000
0.243424600000000
0.265034200000000
0.267475200000000
0.258501100000000
0.235096700000000
0.206451400000000
0.180175300000000
0.150596800000000
0.118002900000000
0.0594200800000000
-0.0150289200000000
-0.0828729900000000
-0.128461300000000
-0.163209000000000
-0.188623600000000
-0.168880600000000
-0.110297800000000
-0.0324027500000000
0.0546817500000000
0.122238700000000
0.162514300000000
0.181539400000000
0.173929400000000
0.139181700000000
0.0587739100000000
-0.0397974000000000
-0.111446500000000
-0.157824500000000
-0.186039100000000
-0.187474900000000
-0.169096000000000
-0.138584100000000
-0.0896933100000000
-0.0331924900000000
0.0215853200000000
0.0621481800000000
0.0910088100000000
0.124464200000000
0.170052600000000
0.212984600000000
0.242419600000000
0.248665500000000
0.235168500000000
0.218871600000000
0.185775100000000
0.108669800000000
0.000693649100000000
-0.104267200000000
-0.187187700000000
-0.260703400000000
-0.326609100000000
-0.367387300000000
-0.375069100000000
-0.352454500000000
-0.294446000000000
-0.207648600000000
-0.103764700000000
-0.00648561100000000
0.0637994100000000
0.0991931900000000
0.121951500000000
0.137889400000000
0.161150200000000
0.191375000000000
0.203938700000000
0.177519000000000
0.114197900000000
0.0305593900000000
-0.0433870300000000
-0.102759600000000
-0.138153300000000
-0.133630400000000
-0.0877549100000000
-0.0302489700000000
0.00923699100000000
0.0398924600000000
0.0722709600000000
0.107162200000000
0.134156200000000
0.134228000000000
0.0908652200000000
0.0120368900000000
-0.0684426700000000
-0.144040300000000
-0.207648600000000
-0.245842300000000
-0.260559900000000
-0.259411200000000
-0.273913300000000
-0.296384400000000
-0.275779900000000
-0.218058600000000
-0.147127400000000
-0.0880420800000000
-0.0340539800000000
0.0478614300000000
0.150883900000000
0.252973000000000
0.333668000000000
0.372364300000000
0.375523200000000
0.367338800000000
0.363964500000000
0.354559700000000
0.334098800000000
0.299135800000000
0.240122200000000
0.157632400000000
0.0415436900000000
-0.0837345100000000
-0.201689900000000
-0.283246300000000
-0.289348700000000
-0.222940500000000
-0.132051000000000
-0.0782064800000000
-0.0469766600000000
-0.00102937200000000
0.0416154600000000
0.0545381600000000
0.0312055600000000
-0.0169673300000000
-0.0782064800000000
-0.150501700000000
-0.210161400000000
-0.242396300000000
-0.257831700000000
-0.263359800000000
-0.244119300000000
-0.177926500000000
-0.0634889900000000
0.0735631900000000
0.210687200000000
0.323401700000000
0.384856200000000
0.403378700000000
0.396486600000000
0.366549000000000
0.318376200000000
0.259075400000000
0.191087800000000
0.120802800000000
0.0672454500000000
0.0314927400000000
-0.00246521800000000
-0.0251517000000000
-0.0390794900000000
-0.0398691900000000
-0.0352744800000000
-0.0273772800000000
-0.0187621400000000
-0.0250081100000000
-0.0522175400000000
-0.0754065500000000
-0.0830165700000000
-0.0902676600000000
-0.104410800000000
-0.116615600000000
-0.137938000000000
-0.167947300000000
-0.179864900000000
-0.170244700000000
-0.149065800000000
-0.132409900000000
-0.118051400000000
-0.104626200000000
-0.0799295000000000
-0.0642786900000000
-0.0662888900000000
-0.0644940700000000
-0.0514996100000000
-0.0296746500000000
0.0128984200000000
0.0642301700000000
0.0972547800000000
0.0963214900000000
0.0899319400000000
0.0768657000000000
0.0379540600000000
-0.0234286800000000
-0.0988827600000000
-0.176059900000000
-0.237945200000000
-0.267810900000000
-0.261636700000000
-0.217627800000000
-0.153660600000000
-0.0981648300000000
-0.0410178900000000
0.0278312900000000
0.104434000000000
0.176298500000000
0.208748800000000
0.209251400000000
0.218225400000000
0.231650700000000
0.239045300000000
0.227271300000000
0.197549100000000
0.147150700000000
0.0931626300000000
0.0428359800000000
-0.00361388900000000
-0.0297464400000000
-0.0395102200000000
-0.0750476100000000
-0.164932000000000
-0.272333800000000
-0.333285800000000
-0.321870800000000
-0.253021600000000
-0.156388700000000
-0.0613352100000000
0.00959596000000000
0.0342208400000000
0.0293389300000000
0.0296261000000000
0.0313491500000000
0.0241698300000000
0.00579094900000000
0.000837236600000000
0.0192161500000000
0.0453486700000000
0.0770092900000000
-0.00183743200000000
-0.000553786800000000
-0.00228387100000000
-0.000302612800000000
-0.000721216200000000
-0.00139093400000000
-0.000944435600000000
-0.00490695200000000
-0.00309312300000000
0.00259947800000000
0.00452488700000000
0.00444120200000000
0.00452488700000000
0.00170654100000000
0.00137168200000000
0.00661778500000000
0.00419002800000000
0.00511091900000000
0.00633871600000000
0.00452488700000000
0.00653404000000000
0.00511091900000000
0.00472027100000000
0.00206929400000000
0.00276690700000000
0.00645035500000000
0.00106471800000000
-0.00122350500000000
-0.00437676900000000
-0.0125808100000000
-0.00867408500000000
-0.00289779900000000
-0.00331634300000000
0.00137168200000000
0.00491559500000000
0.000897288300000000
-0.00214433700000000
0.00259947800000000
-0.00641381700000000
-0.0227940100000000
-0.0264774300000000
-0.0274262100000000
-0.0226265800000000
-0.00956708200000000
0.000199675600000000
0.0143474300000000
0.0255652100000000
0.0407175400000000
0.0541119000000000
0.0423081500000000
-0.00359541200000000
-0.0874496400000000
-0.109020100000000
-0.0583727400000000
-0.0201151400000000
0.0599998200000000
0.0748452500000000
0.0464938900000000
0.0469124300000000
0.0327646700000000
0.0242536700000000
-0.0248868500000000
-0.118005500000000
-0.136952900000000
-0.141780500000000
-0.0106553400000000
0.213811600000000
0.260440800000000
0.105791800000000
-0.0754784300000000
-0.141975800000000
-0.0841010500000000
-0.0297144100000000
-0.000553786800000000
0.0139009400000000
-0.0585680600000000
-0.0317235600000000
0.0734779200000000
0.0848072800000000
0.0790867800000000
-0.0473502900000000
-0.129669800000000
-0.118089200000000
-0.0479084000000000
0.0528562100000000
0.139528800000000
0.171368300000000
0.0811238900000000
0.0441777700000000
-0.157909500000000
-0.370098400000000
-0.200855200000000
-0.0311933800000000
0.119911700000000
0.270709800000000
0.192352800000000
0.0327367800000000
-0.0581774100000000
-0.0930027100000000
-0.100313800000000
-0.137455200000000
-0.0359930100000000
0.106824300000000
0.160429600000000
0.0897743700000000
-0.0975791200000000
-0.114350000000000
-0.0666326000000000
0.00703632800000000
0.0841096600000000
0.0799518800000000
0.0686224700000000
0.00296223200000000
-0.0243287700000000
-0.0665209600000000
0.000339150400000000
-0.00563246000000000
-0.0730786300000000
-0.0498896500000000
0.0217980100000000
0.0858118500000000
0.155211400000000
0.0782496300000000
-0.0134737500000000
-0.0709857600000000
-0.165220600000000
-0.142143200000000
0.00181812000000000
0.0488100100000000
0.134338500000000
0.195645600000000
0.00940829500000000
-0.0417693300000000
-0.0124412800000000
-0.0768178700000000
-0.0958211100000000
-0.0309701300000000
0.0560931600000000
0.140226400000000
0.0776078700000000
-0.0264216400000000
-0.00635802700000000
0.0836073800000000
-0.0257239900000000
-0.0530987100000000
-0.0159015100000000
-0.0114646000000000
0.00497138500000000
0.0807052900000000
0.107326600000000
0.0923416000000000
-0.0298260200000000
-0.153528500000000
-0.130339500000000
-0.0241613400000000
0.0952995400000000
0.135426800000000
0.124962400000000
0.0403547900000000
-0.118479900000000
-0.136283200000000
-0.0630607600000000
0.0692364000000000
0.107438200000000
0.0171099900000000
-0.0635351500000000
-0.100537000000000
-0.0368022600000000
0.0216864300000000
0.128897100000000
0.138273100000000
0.00954777000000000
-0.108769000000000
-0.116163800000000
-0.0950397800000000
-0.0394253100000000
0.0435638400000000
0.0963878600000000
0.114581800000000
0.0105803000000000
-0.0889844000000000
-0.0782689200000000
-0.0438342700000000
0.0698781600000000
0.0832446200000000
0.0464938900000000
-0.0744459600000000
-0.0913284100000000
-0.0704276600000000
-0.0565589100000000
0.0933741300000000
0.0952995400000000
0.0473589300000000
-0.000553786800000000
-0.0752272900000000
-0.0970489400000000
-0.0586797000000000
-0.0198918600000000
-0.000107288400000000
0.0809285000000000
0.0781938400000000
0.0167472400000000
0.0493680800000000
-0.0516476600000000
-0.0993371300000000
-0.0537126100000000
-0.0328676700000000
-0.0205615800000000
0.0631251900000000
0.0367829800000000
-0.00889736400000000
-0.00102818000000000
-0.0375556900000000
-0.0164037900000000
0.0367271900000000
-0.0252217100000000
0.00474816600000000
0.0490332200000000
-0.0118832000000000
-0.0294911600000000
-0.0154829000000000
-0.0578983400000000
-0.0478525800000000
-0.000749111200000000
0.0243653100000000
0.0592743200000000
0.0286347300000000
-0.0285145000000000
-0.0350442500000000
-0.0540474700000000
-0.0280680100000000
0.0120313200000000
0.00689685300000000
-0.00236761600000000
-0.000665426300000000
-0.0477967900000000
-0.0177990200000000
0.0426151200000000
0.0480565400000000
0.0383177400000000
-0.00141882900000000
-0.0698416500000000
-0.0727158500000000
-0.0349605400000000
0.0114732400000000
0.0651343500000000
0.0693479800000000
0.0433964100000000
0.0247001600000000
-0.0133063200000000
-0.0501965900000000
-0.0409321800000000
-0.00451630400000000
0.00229251400000000
0.0346064000000000
0.0540282100000000
0.0178634500000000
0.00312966100000000
-0.0116599200000000
-0.00236761600000000
0.00179022600000000
0.00117629800000000
0.0353040100000000
0.00365984400000000
-0.0129435700000000
-0.00206065200000000
-0.0106832400000000
-0.0193616700000000
0.000339150400000000
0.0339645700000000
0.0243094600000000
0.0112779100000000
-0.00476741800000000
-0.00819975100000000
-0.00214433700000000
-0.0239101900000000
-0.0232963000000000
0.0311461700000000
0.0362806900000000
0.00396680800000000
0.00770604600000000
-0.0177990200000000
-0.0496943000000000
-0.0330908900000000
0.000395000000000000
0.0151566900000000
0.0281882900000000
0.0273790400000000
0.0339924700000000
0.0546420800000000
0.0200958300000000
-0.0282633600000000
-0.0447272400000000
-0.0443923800000000
-0.0217615400000000
0.00126004200000000
0.0568466200000000
0.0573209500000000
0.0394618500000000
0.0279650100000000
-0.0116878200000000
-0.0329513800000000
-0.0201430300000000
-0.00934380300000000
-0.00956708200000000
0.0255652100000000
0.0723896000000000
0.0411919400000000
0.0123940700000000
-0.0367743400000000
-0.0729391000000000
-0.0327002400000000
-0.0114367000000000
0.0133986500000000
0.0584092700000000
0.0473031400000000
-0.000637471700000000
0.000115931000000000
-0.0248868500000000
-0.0255007700000000
-0.0287656500000000
-0.0597400700000000
-0.0354628300000000
0.00996637300000000
0.0324856000000000
0.0494517700000000
0.0404664300000000
-0.00139093400000000
-0.0149806100000000
-0.0240218000000000
-0.0716833800000000
-0.0333978500000000
0.0135102900000000
0.0298904800000000
0.0383456300000000
0.00971519900000000
0.00505513000000000
-0.00557667000000000
-0.0222358700000000
-0.0340675700000000
-0.00778114800000000
0.00502717500000000
0.00932455100000000
0.0381782100000000
0.0253977800000000
0.00728750200000000
-0.0133900600000000
-0.0339001400000000
-0.0263379200000000
-0.0274262100000000
0.00304597600000000
0.0155473400000000
0.0267372100000000
0.00949198000000000
0.0238630200000000
0.00818043900000000
-0.0341791800000000
-0.0266169600000000
-0.00127929400000000
0.00639456500000000
-0.00281405400000000
-0.00563246000000000
-0.0102368000000000
-0.000888645600000000
0.00187397000000000
-0.0139202500000000
0.0185889600000000
-0.00306522800000000
-0.0167944400000000
-0.00786489200000000
-0.0114367000000000
-0.0222358700000000
-0.00822764600000000
-0.00987404600000000
-0.0204500000000000
0.0238909100000000
0.0235839500000000
-0.00473952300000000
0.0193982100000000
0.0291649100000000
-0.0159573000000000
-0.0375835900000000
-0.00688821100000000
-0.0239939100000000
-0.00499063700000000
-0.0162363600000000
-0.0250822000000000
0.0427267000000000
0.0232490900000000
-0.0183571000000000
0.00773400100000000
0.00689685300000000
-0.0465131400000000
-0.0400950300000000
0.0242815600000000
0.0391269900000000
0.0261791300000000
0.0149613600000000
-0.0240218000000000
-0.0283191500000000
-0.0338722500000000
-0.0332862400000000
0.0159659400000000
0.0322065900000000
0.0489494800000000
0.0517957800000000
0.0104686600000000
-0.0237148400000000
-0.0486897200000000
-0.0361604400000000
-0.0288772600000000
0.0129522100000000
0.0551443700000000
0.0488658000000000
0.0197051800000000
0.00296223200000000
-0.00881362000000000
-0.0334815700000000
-0.00365120200000000
0.0196772800000000
0.00742703700000000
0.0273511400000000
-0.00194901200000000
0.00798511500000000
0.0390712000000000
0.00120425200000000
-0.0118552400000000
0.00290644200000000
-0.0273982900000000
-0.0270076400000000
0.0152403700000000
0.0294160800000000
0.0375643400000000
0.0394060600000000
-0.0150085100000000
-0.0288493600000000
-0.0171572000000000
-0.0289330800000000
0.00268316300000000
0.0397688200000000
0.0229142300000000
-0.00261873000000000
-0.00928801300000000
-0.0359930100000000
-0.0236032300000000
0.00645035500000000
0.0236676900000000
0.0357226100000000
-0.00359541200000000
-0.0199198100000000
-0.00122350500000000
-0.0133621100000000
-0.0280680100000000
-0.00655335200000000
0.0232769800000000
0.0170542000000000
0.0193982100000000
0.0109151600000000
-0.0360209000000000
-0.0305515500000000
-0.0228776900000000
0.00589227700000000
0.0167751300000000
0.0180308800000000
0.0130637900000000
-0.0221521900000000
-0.0313608100000000
-0.000832855700000000
0.00338083500000000
-0.0232684000000000
-0.0199198100000000
-0.0149806100000000
-0.0177711200000000
0.0270441800000000
0.0236676900000000
0.0253977800000000
0.0190354600000000
-0.0426622600000000
-0.0278447900000000
-0.00192111700000000
-0.00956708200000000
0.0130916800000000
0.0236676900000000
-0.000525891800000000
0.000311255500000000
0.00262737300000000
-0.0114646000000000
-0.00155836300000000
0.00502717500000000
-0.0203383600000000
-0.0111018400000000
0.0120871700000000
0.0198726100000000
0.0163565900000000
0.0158821900000000
-0.00563246000000000
-0.0267006800000000
-0.0170735100000000
-0.00437676900000000
0.0177518100000000
0.0210725100000000
0.0137335100000000
0.0108872100000000
-0.0294074400000000
-0.0371929100000000
-0.0283749700000000
-0.000246822800000000
0.0310903800000000
0.0367550800000000
0.0422523600000000
0.00271111700000000
-0.0205895300000000
-0.0154829000000000
-0.0220964000000000
0.000534534500000000
0.0144869700000000
0.0101895900000000
0.000897288300000000
-0.00624638800000000
0.00153911100000000
0.00656199500000000
-0.00267458000000000
0.000311255500000000
-0.00510227700000000
-0.0110739500000000
-0.00593942400000000
0.0123661800000000
0.0371178400000000
-0.00546503100000000
-0.0216220000000000
-0.0266448600000000
-0.0272029600000000
-0.00267458000000000
0.0128405700000000
0.0410803600000000
0.0155752300000000
-0.0290446900000000
-0.0219289700000000
-0.0319747000000000
-0.00655335200000000
0.00865483300000000
0.0266255700000000
0.0396013900000000
0.000729858900000000
-0.0256402800000000
-0.0187757000000000
0.00672942400000000
-0.00398606100000000
-0.00158625800000000
0.0282719700000000
-0.00398606100000000
0.0123382800000000
0.0268488500000000
-0.0100972700000000
-0.00842297100000000
0.0144869700000000
0.00458073600000000
0.0113894900000000
0.0468287500000000
-0.00995773100000000
-0.0225428300000000
-0.0259472400000000
-0.0190268200000000
0.00633871600000000
0.0158264000000000
0.00145536700000000
-0.0106553400000000
0.00137168200000000
-0.0181059800000000
8.80360600000000e-05
0.0171379400000000
-0.0186640600000000
-0.0173804200000000
0.0108314200000000
0.0201516700000000
-0.00543713600000000
0.0146544000000000
-0.0117157700000000
-0.0344582500000000
-0.00906479400000000
-0.0158177600000000
-0.00125140000000000
0.0116685600000000
0.0233328300000000
0.0244211000000000
0.0285231500000000
0.00695264300000000
-0.0591261700000000
-0.0434157000000000
-0.0249984900000000
-0.0126645000000000
0.0624554800000000
0.0769939400000000
0.0269883300000000
0.0176122800000000
-0.0261704900000000
-0.0589308400000000
-0.0450342000000000
-0.0511174500000000
-0.0283191500000000
0.0261791300000000
0.0513493400000000
0.0485309400000000
0.0446521600000000
-0.00694400100000000
-0.0637304800000000
-0.0476293600000000
-0.0459550600000000
-0.00549292600000000
0.0465217800000000
0.0451544500000000
0.0367550800000000
0.00287854700000000
-0.0193058800000000
-0.0168781300000000
-0.0187757000000000
-0.0339838600000000
-0.0243566600000000
-0.0192500900000000
-0.00814390200000000
0.0540561100000000
0.0602788900000000
0.0415267900000000
0.0226072700000000
-0.0255565600000000
-0.0675534600000000
-0.0415181800000000
0.00444120200000000
0.0287463700000000
0.0394897500000000
0.0377317700000000
0.0121150600000000
0.00589227700000000
-0.0403740700000000
-0.0377789100000000
0.0136498200000000
0.0226910100000000
0.0195656400000000
0.0377038100000000
0.0175007000000000
-0.0216777900000000
-0.00278616000000000
0.00519460400000000
-0.0434715200000000
-0.0329234600000000
-0.0168781300000000
0.0218538600000000
0.0598603500000000
0.0457404300000000
0.0528841000000000
0.0188959200000000
-0.0409880000000000
-0.0830685800000000
-0.0393974200000000
-0.0258356300000000
-0.00526970600000000
0.0263186100000000
0.0235839500000000
0.0397129700000000
0.0357784000000000
-0.0284586800000000
-0.0246636300000000
-0.0221800800000000
-0.0102368000000000
0.0120871700000000
0.0318996300000000
0.0169984100000000
0.00871062300000000
-0.0233520900000000
-0.0603818900000000
-0.0204221000000000
0.0310903800000000
0.0103570200000000
0.0288021600000000
0.00145536700000000
-0.0118552400000000
-0.0198081700000000
-0.0146178600000000
0.0168588800000000
0.0162728400000000
0.00784558100000000
0.0174728000000000
-0.0255007700000000
-0.0373324500000000
-0.0235474100000000
-0.0213150400000000
-0.00806021700000000
0.0229421300000000
0.0135660800000000
-0.0122459500000000
0.0132033200000000
0.00935244600000000
-0.00250715000000000
0.0197330700000000
-0.0176873800000000
-0.0303562300000000
-0.0176873800000000
-0.0431645500000000
-0.00984609100000000
0.0143753300000000
0.00212508400000000
-0.00878572500000000
0.0262349200000000
0.00932455100000000
-0.0129714600000000
-0.0192221400000000
-0.0302445900000000
0.0128126700000000
0.0277975800000000
3.22461100000000e-05
-0.000972330600000000
0.0115569200000000
-0.0133063200000000
-0.0390625600000000
0.00379937900000000
0.0240025500000000
0.0321786400000000
0.0260675000000000
-0.0155666500000000
0.00681310900000000
-0.0106274500000000
-0.0263658200000000
-0.00803232200000000
0.0297509400000000
0.0416105400000000
0.0348575100000000
0.0374805900000000
0.00204139900000000
-0.0207848500000000
-0.0139481400000000
-0.0173804200000000
-0.00281405400000000
0.0155752300000000
0.0219375500000000
0.0324856000000000
0.0128126700000000
-0.000442147300000000
-0.00485116200000000
-0.00340008700000000
-0.000777006100000000
0.0319833200000000
0.0404385300000000
0.0180866700000000
0.0213236800000000
-0.0304399400000000
-0.0599912100000000
-0.0203941500000000
-0.0368859800000000
-0.0286261100000000
0.0202074600000000
0.0506517300000000
0.0378992000000000
0.0300858000000000
-0.0178827000000000
-0.0423553300000000
-0.0128877800000000
-0.0476851500000000
-0.0477130700000000
-0.0147852900000000
-0.0305236600000000
-0.00566035500000000
0.0306997300000000
0.0316205600000000
0.0218817600000000
0.0412477900000000
-0.0202267200000000
-0.0370254800000000
-0.00951123200000000
-0.0240776200000000
-0.0178269100000000
0.00181812000000000
0.00843161300000000
0.0192307800000000
0.0220491900000000
0.00759446600000000
0.0144590700000000
0.0167472400000000
-0.0180222400000000
-0.0143109000000000
-0.00298148400000000
-0.0258914200000000
-0.00206065200000000
0.0164402700000000
-0.00139093400000000
-0.00585573900000000
0.0120871700000000
0.0115011300000000
0.00971519900000000
-0.00588363400000000
0.00798511500000000
0.0210446100000000
-0.00334429700000000
-0.0222079800000000
0.00790143000000000
-0.00962287200000000
-0.00705564000000000
-0.0165432700000000
-0.0170455600000000
-0.00289779900000000
0.0120034200000000
0.0233328300000000
0.0235002600000000
0.0327367800000000
0.00435745700000000
-0.0108786200000000
-0.0274820000000000
-0.0291284000000000
0.0332111700000000
0.000590324400000000
-0.0288493600000000
0.00739914200000000
0.0109988500000000
-0.000804901100000000
0.0110546400000000
0.0160496200000000
-0.0284586800000000
-0.0232404500000000
-0.0223475100000000
0.00477606100000000
0.0183099500000000
0.0101338000000000
0.0237513800000000
-0.00482320800000000
-0.0246915200000000
-0.0177432300000000
-0.00429302500000000
0.0155752300000000
-0.00741839400000000
0.0183099500000000
0.0138451500000000
-0.00566035500000000
0.0145427600000000
0.0104128700000000
-0.0265053500000000
-0.0211755000000000
-0.0143666900000000
-0.0213150400000000
-0.0198081700000000
-0.00340008700000000
-0.0117157700000000
0.0179192400000000
0.0358900400000000
0.0315926700000000
0.00282269700000000
-0.0219568600000000
-0.0444202700000000
-0.0353511900000000
-0.0161247300000000
-0.00644171200000000
0.00658989000000000
0.0205702200000000
0.0224677300000000
0.0125894000000000
0.000925183300000000
-0.0117157700000000
-0.0334815700000000
-0.0267006800000000
-0.00113976000000000
0.0420569800000000
0.0375922300000000
0.000143826000000000
0.00600385700000000
0.0351365800000000
0.0415267900000000
0.0118081000000000
-0.0165432700000000
-0.0125808100000000
-0.0518429900000000
-0.0316398400000000
0.0458799600000000
0.0758498300000000
0.0547816200000000
0.0150450500000000
0.0248954900000000
0.00449699200000000
-0.0295190800000000
-0.0131946800000000
-0.0198918600000000
0.00271111700000000
0.00279480200000000
0.0169146700000000
0.0265976800000000
0.000897288300000000
0.0157426600000000
0.00748282700000000
0.00508302500000000
0.0165240200000000
-0.0332862400000000
-0.0539358600000000
-0.0126087100000000
0.0380386700000000
0.00798511500000000
0.00751072200000000
-0.00387448100000000
-0.0226544700000000
-0.0119110900000000
-0.0295748700000000
0.0322344900000000
0.0693479800000000
-0.0153433700000000
-0.0412670400000000
-0.0279005800000000
-0.0382812000000000
-0.0549125400000000
0.00304597600000000
0.0560373700000000
0.0785008100000000
0.0564280200000000
-0.0337606100000000
-0.0591540600000000
-0.0520941300000000
-0.0467084900000000
0.00405055300000000
0.0344668600000000
0.0261511800000000
0.0260117100000000
0.00974315400000000
-0.0405973200000000
-0.0230730200000000
-0.0253891300000000
-0.0433040900000000
-0.00579989000000000
-0.00178158300000000
0.0176122800000000
0.0252024500000000
-0.00884151500000000
-0.0270634300000000
-0.0335931800000000
-0.0449225600000000
-0.0552194700000000
-0.0472945000000000
-0.0156224400000000
0.0150450500000000
0.0466334200000000
0.0495913000000000
0.0208771800000000
-0.0226265800000000
-0.0387834900000000
-0.0690324000000000
-0.0765109400000000
-0.0285982200000000
0.0299183700000000
0.0456009500000000
0.0542514300000000
0.0404664300000000
-0.0238264800000000
-0.0271750700000000
-0.0155108000000000
-0.0163200500000000
0.0180866700000000
0.0115569200000000
0.00809675500000000
-0.00711143000000000
-0.0102089000000000
0.00463652600000000
0.0355830800000000
0.0498703700000000
0.0172495200000000
0.00541788300000000
-0.0110739500000000
-0.0144783300000000
-0.0141434700000000
-0.0164874800000000
0.0321786400000000
0.0462706700000000
0.0401594600000000
0.0152682700000000
0.0159100900000000
0.00647825000000000
-0.0212871400000000
-0.0102368000000000
-0.0178269100000000
0.0142079000000000
0.0426430100000000
0.00926876100000000
0.0217422200000000
0.00798511500000000
0.00628292600000000
0.0305043500000000
0.00329709100000000
-0.0152317900000000
-0.00750207900000000
0.0100780100000000
-0.00278616000000000
0.0121987500000000
0.0115848800000000
0.00382727400000000
0.00100886800000000
-0.0229893300000000
-0.0178269100000000
-0.000860750700000000
-0.0203383600000000
-0.00574410000000000
0.0257047400000000
0.0378992000000000
0.000339150400000000
0.00151115700000000
-0.0518429900000000
-0.0567542600000000
-0.0215941100000000
0.00617128600000000
0.0325414500000000
0.0360853700000000
0.0432010900000000
0.0339366800000000
0.0198168200000000
-0.0236590500000000
-0.0758412200000000
-0.0248589500000000
0.00368773900000000
-0.00359541200000000
0.0425313700000000
0.0632926200000000
0.0187006000000000
-0.0118273500000000
-0.0258914200000000
-0.0449504900000000
-0.00789278700000000
-0.0109623100000000
-0.000330567400000000
0.0236676900000000
0.0284394000000000
0.00279480200000000
0.0332669600000000
0.0604184300000000
0.0565396500000000
-0.0213150400000000
-0.0593773100000000
-0.00803232200000000
0.0107477300000000
-0.0128040300000000
0.00815254400000000
0.00209718900000000
-0.00683236100000000
-0.00370705100000000
0.00647825000000000
-0.00222808100000000
0.0208213900000000
-0.00624638800000000
-0.0235195200000000
-0.00150257300000000
-0.00660914200000000
-0.000246822800000000
0.0382619500000000
-0.00303733300000000
-0.0151480400000000
0.0186448100000000
-0.0150922500000000
-0.0502245100000000
0.00368773900000000
-0.000525891800000000
-0.0342629000000000
-0.00713932500000000
-0.0217335800000000
0.00268316300000000
0.0459637000000000
0.0420849300000000
0.00882226200000000
0.0213236800000000
0.00530624400000000
-0.0136411800000000
0.00212508400000000
-0.0113250600000000
-0.0105437600000000
0.0200679300000000
-0.00390237600000000
-0.0307468800000000
-0.0208964300000000
-0.0191663500000000
-0.0387834900000000
0.0256768500000000
0.0679248600000000
0.00393891300000000
0.0142357900000000
0.0476101000000000
-0.00674867600000000
-0.0323653800000000
-0.0400392100000000
-0.0306352700000000
-0.0498617300000000
-0.0368859800000000
-0.0269239200000000
-0.0192779900000000
0.0198726100000000
0.0129522100000000
0.0793658500000000
0.120776700000000
0.0406059600000000
-0.0126087100000000
-0.0663535300000000
-0.109020100000000
-0.161090700000000
-0.0919702400000000
0.00251573300000000
0.0742871800000000
0.140645000000000
0.0818494000000000
0.0140404700000000
-0.0272587800000000
-0.109410800000000
-0.145882500000000
-0.0641490500000000
0.0105244500000000
0.0716362000000000
0.155992700000000
0.145974900000000
0.0482797600000000
-0.0109065200000000
-0.0727437700000000
-0.112452400000000
-0.103271700000000
-0.0888449000000000
-0.135139100000000
-0.100676600000000
-0.0117715600000000
0.146784100000000
0.241465400000000
0.199552200000000
0.0687341100000000
-0.0665209600000000
-0.194883500000000
-0.280356200000000
-0.128051300000000
0.0764916500000000
0.253185500000000
0.251511200000000
0.143798300000000
-0.0179943400000000
-0.253009400000000
-0.322102000000000
-0.209673100000000
-0.0947049300000000
0.0684829400000000
0.157053100000000
0.184958000000000
0.255194600000000
0.308548800000000
0.211718800000000
0.0463822500000000
-0.190111800000000
-0.454706000000000
-0.523352100000000
-0.343198100000000
-0.0395927400000000
0.286894600000000
0.476647900000000
0.442045800000000
0.319375900000000
0.0791426300000000
-0.103467000000000
-0.272877700000000
-0.360833900000000
-0.251893200000000
-0.111475800000000
-0.0146457600000000
0.0429778700000000
0.0968901500000000
0.196203600000000
0.193999200000000
0.152030200000000
0.119716300000000
0.0488100100000000
-0.139213200000000
-0.312837500000000
-0.302568500000000
-0.227448500000000
-0.0199198100000000
0.265910100000000
0.399183900000000
0.435906800000000
0.154653300000000
-0.197897200000000
-0.262273800000000
-0.0781573100000000
-0.0400671400000000
-0.110080500000000
-0.134106600000000
-0.106843600000000
0.0633763700000000
0.167545300000000
0.133724600000000
0.212751300000000
0.186353300000000
0.00550156800000000
-0.166364700000000
-0.289509000000000
-0.220053700000000
-0.143315300000000
0.0309508400000000
0.311227700000000
0.424186700000000
0.171479900000000
-0.148645100000000
-0.279574900000000
-0.157881600000000
0.0792542100000000
0.106656800000000
-0.0175199500000000
0.0400757800000000
-0.00186532700000000
-0.185842300000000
-0.0767062600000000
0.183646400000000
0.225029400000000
0.228266400000000
0.0142636900000000
-0.171192300000000
-0.143594300000000
-0.125400300000000
-0.143287400000000
-0.0712648000000000
0.115781700000000
0.117818800000000
0.125129900000000
0.0911975500000000
0.0698781600000000
0.155769500000000
-0.0948444300000000
-0.366080100000000
-0.314288600000000
-0.0762318700000000
0.0618136500000000
0.166512800000000
0.320715300000000
0.258208300000000
0.0222724100000000
-0.204566500000000
-0.328464300000000
-0.163630000000000
-0.107038900000000
-0.218044600000000
-0.0121064200000000
0.265352000000000
0.233763600000000
0.208481800000000
0.115781700000000
-0.154254000000000
-0.161425500000000
-0.000916540600000000
0.0230258700000000
0.0634600500000000
-0.0355186200000000
-0.285044300000000
-0.226723000000000
0.0453497800000000
0.205412300000000
0.229075600000000
0.193580600000000
0.0216585400000000
-0.0754226400000000
-0.0526801300000000
-0.00683236100000000
0.0221608300000000
-0.0488013600000000
-0.173145600000000
-0.199264600000000
-0.0502803000000000
0.158978500000000
0.198854600000000
0.192966700000000
0.120302300000000
-0.0426901900000000
-0.182298400000000
-0.260822800000000
-0.210426500000000
0.0119476300000000
0.184679000000000
0.199691800000000
0.0898860100000000
-0.0157619700000000
-0.0429692300000000
-0.0890402200000000
-0.0425506500000000
0.0282440800000000
0.0558699400000000
-0.0612190400000000
-0.149175300000000
-0.0623631500000000
0.0319554200000000
0.115698000000000
0.0583813800000000
0.124767100000000
0.171647400000000
0.00340873000000000
-0.0929469200000000
-0.165025300000000
-0.224909200000000
-0.126711800000000
0.0118081000000000
0.143435500000000
0.217718400000000
0.203961300000000
0.0750405800000000
-0.0259472400000000
-0.118591500000000
-0.148087000000000
-0.0590424500000000
-0.0107948800000000
-0.00348377200000000
0.0718036300000000
0.0784170600000000
0.0693758700000000
0.00614339100000000
-0.0611353200000000
-0.0875054600000000
-0.107792300000000
-0.0871706000000000
0.0700735400000000
0.161378300000000
0.0545862900000000
0.0109988500000000
-0.0591819900000000
-0.0980535100000000
0.0109988500000000
0.0659993900000000
0.0521306400000000
0.0103291300000000
-0.0308027000000000
-0.0577588400000000
0.0190075600000000
0.0984807000000000
0.00131583200000000
-0.0315003100000000
-0.0514523100000000
-0.128051300000000
-0.0335094600000000
0.111400700000000
0.0735895600000000
0.0492564400000000
0.0339645700000000
0.0302532300000000
0.0279371100000000
0.00991058300000000
-0.0978302700000000
-0.150542600000000
-0.0553590100000000
-0.0365231900000000
0.0710222700000000
0.172596100000000
0.163694400000000
0.0803983200000000
-0.0653489500000000
-0.147473100000000
-0.156039900000000
-0.0793851300000000
-0.00284200900000000
0.00993847800000000
0.0839701300000000
0.103419900000000
0.0925090300000000
-0.0231846600000000
-0.0669116400000000
-0.0564751900000000
-0.0811152200000000
-0.0974954100000000
-0.0593214900000000
0.00605970600000000
0.0546420800000000
0.0538886800000000
0.0433127300000000
0.0280766500000000
0.0467729600000000
-0.0256682000000000
-0.0495826900000000
-0.0446993400000000
-0.115270800000000
-0.0655443100000000
-0.0258635300000000
-0.0143387900000000
0.0865653200000000
0.127976200000000
0.0713850300000000
-0.0409042800000000
-0.105476200000000
-0.110833900000000
-0.0296585900000000
0.0360574700000000
0.0133149600000000
0.0412198300000000
0.00753861700000000
0.0158264000000000
0.0166356600000000
-0.0221521900000000
0.00639456500000000
0.0842213000000000
0.0174448500000000
-0.0893192600000000
-0.0758970100000000
-0.0198081700000000
-0.000218927900000000
0.0607811800000000
0.112851700000000
0.138273100000000
0.0401873600000000
-0.0844638000000000
-0.0745575700000000
-0.0520383100000000
-0.0203383600000000
0.0628182300000000
0.0751243200000000
0.0309787400000000
0.0104407700000000
0.0178355600000000
0.0217143300000000
0.0261791300000000
-0.0316956600000000
-0.0518988100000000
0.00458073600000000
-0.0440017000000000
-0.000860750700000000
0.114526000000000
0.0869559600000000
0.00307387100000000
-0.0670232500000000
-0.0992534200000000
-0.0248031300000000
0.00572484700000000
0.0122266400000000
0.0696828400000000
0.0893558300000000
-0.00557667000000000
-0.0258635300000000
-0.0404298900000000
-0.0353511900000000
0.0211841500000000
-0.0129156700000000
0.0186727000000000
0.0610044000000000
-0.0259472400000000
-0.0153992200000000
0.0354435400000000
0.00525045400000000
-0.0469038200000000
0.0105523500000000
0.0190633500000000
0.0159379800000000
0.0110546400000000
-0.0402066400000000
-0.0323095600000000
-0.0184687400000000
-0.0497780100000000
-0.00984609100000000
0.0740081100000000
0.0809006100000000
0.104257000000000
0.0824912200000000
-0.0940352100000000
-0.172838600000000
-0.156235200000000
-0.0576193000000000
0.0838585500000000
0.177367900000000
0.146533000000000
0.0462148200000000
-0.0372487300000000
-0.104583300000000
-0.0750877900000000
-0.0166828000000000
-0.0343466100000000
-0.000135183300000000
0.0361411600000000
0.0515446700000000
0.0572651600000000
0.0229421300000000
0.0134823900000000
0.00865483300000000
-0.0422995100000000
-0.0547730000000000
-0.0269239200000000
0.00109261300000000
-0.00730675500000000
0.0182820000000000
0.0722780200000000
0.0717478400000000
-0.0177432300000000
-0.126879300000000
-0.0841568700000000
-0.0447830600000000
-0.0337606100000000
0.0699619100000000
0.116172400000000
0.0441777700000000
-0.0737204300000000
-0.153472600000000
-0.107792300000000
-0.0227661100000000
0.0140683700000000
0.0776078700000000
0.0975319100000000
0.0117523100000000
-0.0545497500000000
-0.0404020000000000
-0.0207569600000000
-0.0357697600000000
0.00756657100000000
-0.0236311300000000
-0.0553590100000000
-0.0442807700000000
-0.0306073700000000
-0.0109902000000000
0.00818043900000000
0.0433127300000000
0.0120034200000000
-0.0498617300000000
-0.0704276600000000
-0.0237985600000000
0.0789473100000000
0.0492843400000000
-0.00699979100000000
-0.0487176500000000
-0.0854963100000000
-0.0828453300000000
0.0183378500000000
0.123092800000000
0.111261100000000
0.0685387300000000
-0.0176037000000000
-0.0800269200000000
-0.0481037200000000
-0.0583448400000000
-0.0380858800000000
0.0580465200000000
0.126329800000000
0.117930400000000
0.0560652600000000
0.00912922600000000
-0.0241334100000000
-0.0435552300000000
-0.100453300000000
-0.0532382400000000
0.0412477900000000
0.0408012900000000
0.0454055700000000
0.0949646800000000
0.0922300200000000
0.0481960800000000
0.00538998800000000
-0.0285982200000000
-0.0739436700000000
-0.101764900000000
-0.112173400000000
-0.0430529400000000
0.0528841000000000
0.0857002700000000
0.100573600000000
0.0934578200000000
0.0197330700000000
-0.0573681600000000
-0.0801385600000000
-0.0625863700000000
-0.0572844400000000
-0.0135016400000000
0.0733662800000000
0.0886302600000000
0.0490890100000000
0.0123661800000000
0.0403268900000000
0.0177518100000000
-0.0387556000000000
-0.0481316400000000
-0.00677657100000000
0.0327925700000000
0.0260675000000000
0.0323740200000000
0.0791984200000000
0.0615066900000000
0.0249512800000000
0.00424587700000000
-0.00111186500000000
-0.0411275000000000
-0.0117715600000000
0.0212957300000000
0.0408012900000000
0.0293602900000000
-0.0166270100000000
-0.0545497500000000
-0.0496664000000000
-0.00197690700000000
0.0314252400000000
0.0277138900000000
0.00633871600000000
-0.0316677400000000
-0.0366069100000000
-0.0478805000000000
-0.0585122700000000
-0.0457876300000000
-0.0109902000000000
-0.0604656000000000
-0.0671069600000000
0.00592017200000000
0.00279480200000000
-0.0151759400000000
0.0179471400000000
0.0358900400000000
0.0146544000000000
-0.00761371900000000
-0.0219847600000000
-0.0238822700000000
-0.00479531300000000
-0.0451179100000000
-0.0120785200000000
0.0836911200000000
0.0430336600000000
0.0109151600000000
0.00469231600000000
-0.0382812000000000
-0.0232684000000000
0.0105244500000000
-0.0143387900000000
0.0158264000000000
0.0363364800000000
0.0342436400000000
0.0244489900000000
-0.0187757000000000
-0.0679999300000000
-0.0875054600000000
-0.0933096700000000
-0.0328118500000000
0.0485588300000000
0.0696549400000000
0.0184773800000000
0.00368773900000000
-0.0157898700000000
-0.0605493200000000
-0.0756179700000000
-0.00398606100000000
0.0290254400000000
0.0219375500000000
0.0168030900000000
0.0210446100000000
0.00859904300000000
-0.00111186500000000
-0.00521391600000000
0.0338808900000000
0.0496192000000000
0.00965941000000000
-0.0195849500000000
0.0257047400000000
-0.00225597600000000
-0.0215103600000000
-0.00365120200000000
0.0103849200000000
-0.00686031600000000
-0.0426901900000000
-0.0457597100000000
0.0136777200000000
0.0407733900000000
0.0267651100000000
0.0152962200000000
0.00804090500000000
-0.0220405500000000
-0.0549125400000000
-0.0273425000000000
-0.00889736400000000
0.0219375500000000
0.0488936900000000
0.0484751500000000
0.0383735300000000
0.0145148600000000
-0.0297144100000000
-0.0524289900000000
-0.0324491000000000
-0.0189431300000000
0.0414431100000000
0.0867048500000000
0.0279371100000000
0.0111383800000000
0.00709217800000000
0.0136498200000000
-0.0293516500000000
-0.0264774300000000
-0.0158735500000000
-0.0327560300000000
-0.00753003400000000
-0.0418251200000000
0.0395176400000000
0.106098800000000
0.0624833700000000
0.00597596200000000
-0.0172967300000000
-0.0512011600000000
-0.0687812600000000
-0.0164874800000000
0.0590232000000000
0.0730872800000000
0.0413593600000000
-0.0207011100000000
-0.0194733100000000
0.0131475300000000
0.0145148600000000
0.0173053700000000
0.00960362000000000
-0.0261425700000000
-0.0548846100000000
-0.0529033800000000
-0.00845086600000000
0.0529957400000000
0.0835515900000000
0.0586046000000000
-0.00725096500000000
-0.0519546000000000
-0.0743901400000000
-0.0692556500000000
-0.0249147700000000
0.0312578100000000
0.0674504600000000
0.0353877500000000
0.0152682700000000
-0.0180222400000000
-0.0404020000000000
-0.0273703900000000
-0.0277052500000000
0.0175564900000000
0.00960362000000000
-0.0506151600000000
-0.0219010100000000
-0.00744628900000000
0.0382898400000000
0.0182820000000000
0.0272116100000000
0.0358063000000000
-0.0199756000000000
-0.0672743900000000
-0.0880356400000000
-0.0372766300000000
0.0130080000000000
0.0412756800000000
0.0512377000000000
0.0259837500000000
-0.00663703700000000
-0.0651536300000000
-0.0391462700000000
0.0198447100000000
0.0113337000000000
-0.0109344100000000
0.00187397000000000
0.00262737300000000
0.0259279600000000
0.0211562500000000
-0.0329513800000000
-0.0566705500000000
-0.0654326700000000
-0.0233799800000000
0.0345226500000000
0.0515725600000000
0.0675621000000000
0.0421407200000000
-0.0328397500000000
-0.0850777300000000
-0.0578704500000000
-0.0376952000000000
-0.0191942500000000
0.0149334100000000
0.0433127300000000
0.0733383900000000
0.0258163200000000
0.0146265000000000
0.00645035500000000
-0.0553869000000000
-0.0789386300000000
-0.0342629000000000
0.0269883300000000
0.0356388700000000
0.0586324900000000
0.0645483700000000
0.0547816200000000
0.0208213900000000
-0.0667721000000000
-0.0323095600000000
-0.00116771500000000
0.000841438800000000
0.0394897500000000
0.0812075700000000
0.0713013400000000
0.0122266400000000
-0.0313608100000000
-0.0696742200000000
-0.0153712600000000
0.0195935400000000
0.0202911500000000
0.0417221200000000
0.0441777700000000
0.0107477300000000
-0.0134179600000000
-0.0206732200000000
-0.0368580500000000
-0.00981819600000000
-0.00105607500000000
-0.0366069100000000
0.0411361500000000
0.0554234400000000
0.0322623800000000
-0.00306522800000000
-0.0371650200000000
-0.0637583700000000
-0.0503919400000000
-0.00878572500000000
0.0294718700000000
0.0831330400000000
0.0701014400000000
-0.00231176600000000
-0.0277052500000000
-0.0676092500000000
-0.0736925300000000
0.00572484700000000
0.0200400400000000
0.0261791300000000
0.0295556200000000
0.0205144300000000
0.0263744600000000
0.00187397000000000
0.0195935400000000
0.00326919600000000
-0.0385602700000000
-0.0531545300000000
-0.0475735400000000
-0.00443255900000000
0.0124499200000000
0.0174728000000000
0.0369225100000000
0.0571256300000000
0.0417221200000000
-0.0208127500000000
-0.0330629900000000
-0.0392020600000000
-0.0416856100000000
-0.0148131800000000
0.0397967100000000
0.0560373700000000
0.0369504100000000
0.0171099900000000
-0.0225428300000000
0.00257158300000000
-0.00655335200000000
-0.0325886000000000
-0.0446156300000000
-0.0251938100000000
0.00628292600000000
0.00603175200000000
0.0199842500000000
0.0219375500000000
0.0234165200000000
0.0247001600000000
-0.0252496300000000
-0.0289888700000000
-0.0173525200000000
-0.0418530400000000
-0.0465131400000000
-0.0187198500000000
-0.0244682700000000
-0.0267006800000000
0.00173443600000000
0.0277696800000000
0.0322623800000000
0.0217143300000000
-0.0259472400000000
-0.0688929000000000
-0.0477409700000000
0.00578063700000000
0.0332111700000000
0.0562884800000000
0.0296114100000000
-0.0256682000000000
-0.0465410600000000
-0.0688649700000000
-0.0504756600000000
0.00915712100000000
0.00993847800000000
0.0456009500000000
0.0647437000000000
0.00354826500000000
-0.0143109000000000
-0.0141155700000000
-0.0507825900000000
-0.0403182800000000
0.00254368800000000
-0.0187757000000000
0.00480395600000000
0.0338529300000000
0.0286347300000000
0.0537212500000000
0.0430615500000000
-0.0439738000000000
-0.0721019500000000
-0.0752831100000000
-0.0397322800000000
0.0338808900000000
0.0649111300000000
0.0502610200000000
0.0653017800000000
0.0255094200000000
-0.0184129500000000
-0.0582053100000000
-0.0699811900000000
-0.0388114200000000
0.00126004200000000
0.0271278600000000
0.0730593200000000
0.0447079500000000
-0.00649750200000000
-0.00256294000000000
-0.00144672400000000
-0.00270247500000000
-0.00666493200000000
-0.000525891800000000
-0.00127929400000000
0.0415826400000000
0.0552839000000000
0.0179471400000000
0.00245994300000000
-0.0521778500000000
-0.0742785300000000
-0.00585573900000000
0.0528003600000000
0.0716083000000000
0.0341599000000000
0.0180308800000000
0.00804090500000000
-0.0139481400000000
-0.0180501300000000
-0.0296585900000000
-0.00778114800000000
0.00410634300000000
-0.0159851900000000
0.00343662500000000
0.0356946600000000
0.0175843800000000
-0.0154271100000000
-0.0345140400000000
-0.0251938100000000
-0.0227661100000000
-0.0325328100000000
0.00377148400000000
0.0585209100000000
0.0655529500000000
0.00396680800000000
-0.0390904500000000
-0.0642885900000000
-0.0607167500000000
-0.0166270100000000
0.0105523500000000
0.0605858600000000
0.0848631300000000
0.0187563900000000
-0.0157061200000000
-0.0530708100000000
-0.0385323500000000
-0.00736260400000000
0.0124778200000000
0.0322065900000000
0.0633763700000000
0.0447917000000000
0.000674009300000000
-0.0114924900000000
-0.0287377200000000
-0.0219289700000000
-0.00652545700000000
-0.00783693800000000
0.0179750900000000
0.0384014800000000
-0.0156782300000000
-0.00510227700000000
0.00731539700000000
-0.0395090300000000
-0.0259472400000000
0.00259947800000000
0.0175564900000000
0.0415546900000000
0.0164402700000000
-0.0108786200000000
-0.0273145700000000
-0.0286540100000000
-0.0524568900000000
-0.0138644000000000
0.000590324400000000
0.00658989000000000
0.0569582000000000
0.0482518700000000
0.0343831800000000
0.00578063700000000
-0.0481037200000000
-0.0704555500000000
-0.0422716100000000
0.000757753800000000
0.0227189100000000
0.0303369200000000
0.0461590300000000
0.0337692500000000
-0.00471162800000000
-0.0374998700000000
-0.0425506500000000
-0.0439459100000000
0.0142357900000000
0.0326251400000000
0.0354714400000000
0.0395734900000000
0.00354826500000000
-0.0279005800000000
-0.0261425700000000
0.00237625800000000
0.0122546000000000
0.00421798200000000
-0.0190826700000000
-0.0366069100000000
0.0221887200000000
0.0373689500000000
0.0271557600000000
0.0455451000000000
0.00918501600000000
-0.0577867300000000
-0.0608841800000000
-0.0402066400000000
0.00469231600000000
0.0395734900000000
0.0609207200000000
0.0202911500000000
-0.0277610700000000
-0.0517592700000000
-0.0447551300000000
0.0142079000000000
0.0308950500000000
0.0292765500000000
0.0116127700000000
-0.00906479400000000
-0.00303733300000000
-0.0266727800000000
-0.0186082700000000
0.00139957700000000
0.0151566900000000
-0.00395816600000000
-0.0334257500000000
-0.000860750700000000
0.00446909700000000
0.0174169500000000
0.0206539600000000
0.0163286900000000
0.0143195400000000
-0.0314445200000000
-0.0576193000000000
-0.00713932500000000
0.0435918000000000
0.0317601000000000
0.0264581400000000
0.00466442100000000
-0.0273425000000000
-0.0433040900000000
-0.0260588500000000
0.0248397000000000
