0.710000000000000
0.630000000000000
0.850000000000000
0.440000000000000
0.610000000000000
0.690000000000000
0.920000000000000
0.550000000000000
0.720000000000000
0.770000000000000
0.920000000000000
0.600000000000000
0.830000000000000
0.800000000000000
1
0.770000000000000
0.920000000000000
1
1.24000000000000
1
1.16000000000000
1.30000000000000
1.45000000000000
1.25000000000000
1.26000000000000
1.38000000000000
1.86000000000000
1.56000000000000
1.53000000000000
1.59000000000000
1.83000000000000
1.86000000000000
1.53000000000000
2.07000000000000
2.34000000000000
2.25000000000000
2.16000000000000
2.43000000000000
2.70000000000000
2.25000000000000
2.79000000000000
3.42000000000000
3.69000000000000
3.60000000000000
3.60000000000000
4.32000000000000
4.32000000000000
4.05000000000000
4.86000000000000
5.04000000000000
5.04000000000000
4.41000000000000
5.58000000000000
5.85000000000000
6.57000000000000
5.31000000000000
6.03000000000000
6.39000000000000
6.93000000000000
5.85000000000000
6.93000000000000
7.74000000000000
7.83000000000000
6.12000000000000
7.74000000000000
8.91000000000000
8.28000000000000
6.84000000000000
9.54000000000000
10.2600000000000
9.54000000000000
9.88000000000000
11.8800000000000
12.0600000000000
12.1500000000000
8.91000000000000
14.0400000000000
12.9600000000000
14.8500000000000
9.99000000000000
16.2000000000000
14.6700000000000
16.0200000000000
11.6100000000000