  -8.112
   1.842
 -10.536
  19.052
   0.512
   7.374
  -4.657
  -2.789
  -1.554
   6.519
  17.034
  -3.290
  -8.249
  -0.947
   3.739
   3.338
   6.899
   0.830
  -3.619
  12.921
  -1.527
  -2.335
  10.536
 -12.946
  -6.725
   7.599
   9.309
   5.055
   0.619
  -3.496
  -1.471
  -9.382
  12.505
 -13.991
  12.430
   3.464
   3.833
   3.755
  -2.889
   0.482
  -1.745
   2.778
  13.379
   1.500
   4.652
   0.651
  12.925
  -0.250
  -1.821
   2.789
  13.103
  10.167
 -14.095
 -10.638
   9.531
   5.455
   9.290
  19.700
   3.601
   7.732
 -10.337
   3.589
  16.779
  -1.915
  -1.681
   5.496
  -5.496
  -7.980
   9.110
   0.281
   8.372
  -6.974
  -7.496
  -2.131
  -1.239
   5.455
   0.297
   1.176
  -2.968
   0.000
   1.504
   5.234
   8.725
  -5.088
  -1.384
  -2.553
   1.709
   4.960
   2.403
   2.861
  -9.968
   6.614
   6.454
  16.127
  -0.859
  -4.406
   2.536
   9.068
   7.569
   4.994
  -3.636
   1.105
  -3.579
   9.114
  -3.186
   7.750
  14.020
  -2.056
   7.321
   3.002
  -3.279
   8.414
  14.087
  -4.092
  -6.074
   2.445
  -3.690
   7.436
   4.567
  -5.506
  13.297
  14.179
   2.487
  -4.302
   8.456
  -0.339
  -5.755
  -9.243
   1.957
   1.156
   3.217
  -7.942
  -1.954
   6.789
   9.917
   9.085
  13.893
  -0.139
  -6.431
  -2.268
  -5.662
   9.324
  -8.486
   0.482
  -3.026
   2.522
  -2.133
   6.329
   0.156
  12.728
   3.244
  -1.339
   6.319
   5.193
   9.531
   3.973
   6.204
   3.891
  11.353
  -4.816
   6.588
  -1.181
  -3.877
  -0.799
   4.278
  14.102
   4.652
  -8.444
  14.251
  -4.885
   8.513
   9.366
  10.430
  -5.584
  -1.841
 -10.153
  -2.317
   6.831
   7.737
   1.345
  10.031
   0.453
   1.643
  -3.129
  -1.233
  -5.415
   0.392
  -4.001
  -1.197
   0.754
  -8.390
  -1.690
   1.429
   4.396
  -9.388
 -14.008
 -15.985
   8.188
   6.331
 -10.742
  -2.611
  14.641
  -2.791
  12.613
  -3.211
   0.645
   5.011
  -3.145
  -3.652
   3.863
   6.282
  -3.226
   8.444
  -0.984
  -1.345
   6.551
  -2.198
  -3.981
  -3.744
  -4.099
  -1.269
   2.106
  -3.822
  -1.534
   5.789
  -3.822
  -3.766
  14.084
  -3.552
   0.000
   0.000
  -1.812
  -3.830
  -5.346
   0.956
   7.881
   5.528
   6.404
   2.043
   1.460
  -2.123
  -1.876
  12.450
   0.400
  -1.178
   9.208
  -7.297
   2.956
  -1.796
   5.668
  -2.532
   8.594
   2.698
   5.859
  -5.859
  -2.091
  -4.982
   5.129
  -1.991
   7.540
  -0.140
   2.295
   3.637
  -7.126
  -5.414
   4.131
  15.745
  10.080
  -4.465
  -6.782
   6.065
  -2.275
   4.845
   5.159
  -8.362
  -5.400
  -3.569
   7.701
   1.328
   3.209
  -6.005
   0.985
   6.086
   0.346
   5.060
  -0.418
  -3.143
  -8.815
   8.644
  -4.216
 -10.855
  -9.872
 -11.262
   6.723
   8.952
   0.567
   0.141
   2.027
   9.670
   0.000
   5.131
   8.319
   1.540
  -0.033
   6.577
  -5.487
   3.903
   2.482
  -1.960
   2.031
  10.126
  -0.558
   5.069
   4.600
  -4.422
   8.726
  -0.572
   7.878
  -2.933
   0.000
   3.837
   2.517
   0.880
  -1.619
  -3.626
   4.230
  -7.844
   6.053
   1.201
   2.068
   0.902
   3.989
  -3.409
  -9.832
  -0.160
  -2.597
   1.388
  -3.311
  -3.774
  -0.790
   3.990
 -12.290
  -7.485
 -20.252
  22.924
 -14.960
 -13.421
  -0.271
  16.657
  -5.716
  16.043
   9.872
   2.255
 -16.099
  -3.172
  -7.778
  12.213
   6.853
 -10.062
  12.078
  -8.343
  11.341
  -3.572
 -11.121
   1.130
   8.194
   3.038
   3.961
  -6.623
  -4.912
  -0.660
 -11.448
   1.815
  -1.731
  -3.296
  -0.155
   2.825
   1.508
   4.725
  -2.920
  -5.324
   1.653
   0.258
  -3.408
  -2.703
  -3.094
  15.578
   5.239
   2.999
   8.283
   4.500
  -6.239
  -1.950
   4.702
   6.125
  -1.798
  -8.452
   2.626
  -3.294
  -0.045
   1.790
  -5.938
   6.115
  -7.670
  -3.441
   0.449
   1.251
  -1.504
   2.395
  -0.501
   5.855
   4.086
  -2.096
  10.064
  -0.298
   2.979
  -6.495
   9.307
  -2.717
  -1.494
   8.844
   0.596
  -4.247
  -5.959
   2.198
  -5.818
  -3.996
  -2.712
  -0.753
  10.284
   0.460
   2.938
  -0.805
  -0.685
   0.686
  -5.045
   3.585
  -0.235
  15.932
   3.397
  13.402
   2.946
   1.173
   0.332
   4.800
   0.000
   8.434
   2.984
  -3.519
  -5.208
  -0.378
   5.884
   2.231
   1.692
  -3.718
  -6.252
  -1.659
  -3.545
   3.876
   0.132
   2.961
  -1.799
   9.561
  -8.701
   7.328
  -2.836
   0.478
   7.058
  -1.794
   0.305
  -6.596
  -1.472
   3.922
   2.532
  -3.336
  -0.656
   2.277
   9.209
   6.175
   1.245
   9.218
   6.374
  -0.476
   2.615
   6.468
  -2.448
   2.029
 -11.044
   8.223
   3.286
   4.046
  10.375
  -0.733
   1.460
  -1.264
   0.823
  10.301
   3.976
   8.559
   2.320
 -32.613
  -0.484
   9.998
  -6.208
  -1.616
  -2.575
   2.787
   5.199
   6.656
  -3.273
  -4.762
   6.415
  -5.796
   0.255
   2.656
   9.970
  -4.059
   2.838
   6.500
   2.622
  -2.434
   6.805
   4.691
  -5.029
  -4.771
   8.077
   3.352
  -1.902
   3.434
   1.548
  -2.489
   4.892
   4.727
   4.238
 -12.846
  -2.085
   2.402
   3.703
   5.390
  -1.025
   5.060
   0.000
   0.704
   7.462
  -1.721
  -6.481
  -0.108
   3.673
   0.966
  -3.888
   9.347
  -4.565
   0.875
  -2.504
   5.481
   2.813
   1.428
   3.046
  -0.702
   3.981
   0.365
  -0.073
  -1.357
  -2.644
   8.158
   3.721
   1.585
   2.183
  -4.415
  -2.817
   5.065
  -6.355
   0.847
   5.695
  -0.229
  -1.389
  -0.932
  -6.241
  -1.015
   4.860
  -2.733
   6.815
   4.491
   0.227
   0.226
  -6.887
   4.062
  -1.892
   5.290
   5.981
   2.548
   1.407
  -4.474
  -1.316
  -2.739
   3.154
   0.883
  14.644
   1.518
  -2.866
   1.684
  -0.771
   1.726
   4.418
   1.093
  -2.295
   6.319
   1.445
   9.074
   9.802
  -0.900
   2.675
   8.195
  -8.356
   2.767
   6.028
  10.700
  -7.618
  -4.694
   2.811
  -1.019
   6.829
 -17.173
   1.737
   2.790
   6.454
   3.642
  -1.280
 -11.956
  -8.985
  -8.433
   7.300
   7.750
   1.774
 -12.382
   8.745
  -3.945
  -4.576
  22.948
  -3.069
   1.375
   1.143
   7.789
   1.639
  -1.046
   1.109
   2.391