1947.1       16.03
1947.2       16.16
1947.3       16.40
1947.4       16.80
1948.1       16.95
1948.2       17.14
1948.3       17.49
1948.4       17.54
1949.1       17.45
1949.2       17.25
1949.3       17.15
1949.4       17.17
1950.1       17.12
1950.2       17.19
1950.3       17.56
1950.4       17.89
1951.1       18.57
1951.2       18.68
1951.3       18.68
1951.4       18.89
1952.1       18.85
1952.2       18.88
1952.3       19.11
1952.4       19.16
1953.1       19.17
1953.2       19.20
1953.3       19.28
1953.4       19.33
1954.1       19.40
1954.2       19.41
1954.3       19.45
1954.4       19.50
1955.1       19.59
1955.2       19.67
1955.3       19.82
1955.4       20.02
1956.1       20.22
1956.2       20.33
1956.3       20.59
1956.4       20.67
1957.1       20.96
1957.2       21.10
1957.3       21.23
1957.4       21.23
1958.1       21.47
1958.2       21.55
1958.3       21.70
1958.4       21.82
1959.1       21.83
1959.2       21.83
1959.3       21.88
1959.4       21.98
1960.1       22.08
1960.2       22.15
1960.3       22.23
1960.4       22.30
1961.1       22.35
1961.2       22.40
1961.3       22.46
1961.4       22.53
1962.1       22.67
1962.2       22.71
1962.3       22.76
1962.4       22.83
1963.1       22.91
1963.2       22.94
1963.3       22.98
1963.4       23.16
1964.1       23.22
1964.2       23.28
1964.3       23.37
1964.4       23.49
1965.1       23.61
1965.2       23.71
1965.3       23.81
1965.4       23.97
1966.1       24.13
1966.2       24.32
1966.3       24.58
1966.4       24.79
1967.1       24.89
1967.2       25.05
1967.3       25.31
1967.4       25.59
1968.1       25.88
1968.2       26.14
1968.3       26.39
1968.4       26.76
1969.1       27.03
1969.2       27.39
1969.3       27.79
1969.4       28.15
1970.1       28.55
1970.2       28.94
1970.3       29.18
1970.4       29.56
1971.1       30.00
1971.2       30.40
1971.3       30.71
1971.4       30.96
1972.1       31.41
1972.2       31.61
1972.3       31.92
1972.4       32.32
1973.1       32.71
1973.2       33.25
1973.3       33.86
1973.4       34.58
1974.1       35.20
1974.2       36.02
1974.3       37.09
1974.4       38.20
1975.1       39.08
1975.2       39.63
1975.3       40.33
1975.4       41.05
1976.1       41.50
1976.2       41.92
1976.3       42.50
1976.4       43.27
1977.1       43.97
1977.2       44.69
1977.3       45.23
1977.4       46.16
1978.1       46.86
1978.2       47.77
1978.3       48.60
1978.4       49.59
1979.1       50.55
1979.2       51.71
1979.3       52.81
1979.4       53.90
1980.1       55.11
1980.2       56.34
1980.3       57.60
1980.4       59.13
1981.1       60.66
1981.2       61.76
1981.3       62.95
1981.4       64.10
1982.1       64.99
1982.2       65.83
1982.3       66.75
1982.4       67.45
1983.1       67.95
1983.2       68.56
1983.3       69.16
1983.4       69.77
1984.1       70.59
1984.2       71.16
1984.3       71.73
1984.4       72.24
1985.1       73.00
1985.2       73.50
1985.3       73.85
1985.4       74.39
1986.1       74.68
1986.2       75.05
1986.3       75.51
1986.4       76.01
1987.1       76.70
1987.2       77.27
1987.3       77.84
1987.4       78.46
1988.1       78.98
1988.2       79.79
1988.3       80.71
1988.4       81.33
1989.1       82.20
1989.2       83.01
1989.3       83.62
1989.4       84.24
1990.1       85.18
1990.2       86.16
1990.3       86.99
1990.4       87.74
1991.1       88.76
1991.2       89.40
1991.3       89.99
1991.4       90.47
1992.1       91.16
1992.2       91.67
1992.3       91.97
1992.4       92.55
1993.1       93.32
1993.2       93.82
1993.3       94.24
1993.4       94.79
1994.1       95.28
1994.2       95.71
1994.3       96.28
1994.4       96.74
1995.1       97.45
1995.2       97.86
1995.3       98.30
1995.4       98.78
1996.1       99.39
1996.2       99.74
1996.3      100.22
1996.4      100.63
1997.1      101.34
1997.2      101.82
1997.3      102.12
1997.4      102.49
1998.1      102.74
1998.2      103.03
1998.3      103.41
1998.4      103.70
1999.1      104.29
1999.2      104.65
1999.3      104.89
1999.4      105.24
2000.1      106.10
2000.2      106.73
2000.3      107.15
2000.4      107.70