68.6300000000000
68.6300000000000
68.6300000000000
68.6300000000000
68.6300000000000
68.6300000000000
59.1600000000000
48.7000000000000
47.5400000000000
50.9100000000000
44.7000000000000
42.8500000000000
39.6200000000000
44.4500000000000
38.9800000000000
42.6200000000000
48.2700000000000
59.3900000000000
51.6600000000000
38.5500000000000
60.3300000000000
72.2700000000000
68.6200000000000
69.6300000000000
72.2000000000000
67.8700000000000
64.9100100000000
53.8500000000000
37.9600000000000
23.2300000000000
12.6800000000000
9.84000000000000
7.82000000000000
11.7800000000000
10.2200000000000
12.1900000000000
18.6000000000000
26.9700000000000
22.5200000000000
19.1800000000000
17.1400000000000
18.6100000000000
20.0200000000000
22.6500000000000
38.9900000000000
76.5500000000000
87.9900000000000
99.8000000000000
96.6900000000000
87.4500000000000
88.5700000000000
97.4300000000000
99.9900000000000
94.8800000000000
86.9900000000000
79.7300100000000
92.3500000000000
91.2900000000000
94.3100000000000
84.9500000000000
82.9700000000000
92.9800100000000
81.0600000000000
62.3700000000000
52.9900000000000
39.5300000000000
42.9000000000000
33.7600000000000
40.9700000000000
60.5000000000000
66.6100000000000
80.3800000000000
95.8600000000000
97.7400000000000
80.2400000000000
73.4400000000000
65.6700000000000
47.8100000000000
33.5100000000000
34.2200000000000
32.9500000000000
32.5500000000000
46.9200000000000
44.6400000000000
53.0200000000000
41.9800000000000
30.4300000000000
24.4300000000000
18.0500000000000
20.9800000000000
12.3700000000000
12.0300000000000
12.4100000000000
15.8900000000000
20.4600000000000
26.9500000000000
30.2900000000000
26.2100000000000
23.3400000000000
25.5500000000000
25.4000000000000
24.1600000000000
23.3400000000000
24.3800000000000
27.2000000000000
29.1800000000000
43.3000000000000
53.9200000000000
59.7600000000000
64.5200000000000
65.8400000000000
70.1900000000000
75.2700000000000
77.6300000000000
76.9600000000000
77.7000000000000
85.1300000000000
99.3399900000000
97.7000000000000
97.0199900000000
98.8300000000000
99.8000000000000
96.7400000000000
93.5400000000000
82.0800000000000
71.5100000000000
49.6100000000000
41.7600000000000
59.7800000000000
90.9700000000000
85.2600000000000
100
98.5000000000000
98.7000000000000
93.1000000000000
79.3700000000000
81.9700000000000
55.9400000000000
50.3900000000000
48.6400000000000
40.1200000000000
63.0400000000000
60.5100000000000
78.7200000000000
71.3700000000000
76.4300000000000
71.2500000000000
56.4600000000000
41.8400000000000
41.2400000000000
35.2800000000000
39.8600000000000
45.1300000000000
53.8000000000000
77.5400000000000
80.0200000000000
81.2800000000000
73.5800000000000
66.0600000000000
59.4600000000000
59.4900000000000
51.9000000000000
35.2100000000000
39.6500000000000
31.9000000000000
61.5600000000000
88.2500000000000
96.4600000000000
83.9400000000000
89.0500000000000
92.9700000000000
98.2900000000000
99.7900000000000
94.0100000000000
87.0600000000000
80.4600000000000
74.8600000000000
67.1800000000000
73.8500000000000
80.1500000000000
69.4500000000000
50.3900000000000
31.6800000000000
31.2500000000000
23.1100000000000
11.3200000000000
8.96000000000000
6.03000000000000
11.7000000000000
34.6300000000000
58.3100000000000
58.6600000000000
72.6200000000000
85.7600000000000
94.2900000000000
92.7699900000000
93.1800000000000
89.3200000000000
81.6300000000000
71.4400000000000
66.4200000000000
80.0200000000000
76.5200000000000
77.5100000000000
67.7300100000000
50.5200000000000
48.9700000000000
50.6400000000000
38.7300000000000
30.7900000000000
23.7500000000000
26.2800000000000
36.6700000000000
68.9100100000000
97.3900000000000
96.1000000000000
90.3000000000000
84.9200000000000
91.4100100000000
92.5400000000000
98.0400000000000
99.9600000000000
88.8300000000000
83.0700000000000
86.3200000000000
99.8300000000000
96.6200000000000
99.9400000000000
96.8900000000000
85.1200000000000
77.9700000000000
67.3800000000000
44.5000000000000
26.7200000000000
13.2500000000000
10.6400000000000
23.8300000000000
29.1800000000000
26.9100000000000
20.0900000000000
22.3300000000000
22.0700000000000
26.2000000000000
29.8100000000000
30.1000000000000
24.2500000000000
25.3000000000000
23.5000000000000
35.6200000000000
52.1100000000000
56.7900000000000
69.0900000000000
86.6400000000000
99.2800000000000
98.4800100000000
98.4500000000000
94.7699900000000
93.5800000000000
78.0700000000000
66.8800000000000
77.0400000000000
88.7200000000000
94.8800000000000
99.6700000000000
100
99.9000000000000
96.9100100000000
66.8800000000000
52.3900000000000
40.6100000000000
30.6500000000000
32.0400000000000
45.2800000000000
35
35.6200000000000
36.9800000000000
39.8900000000000
36.8800000000000
30.8500000000000
19.3300000000000
13.2600000000000
11.1200000000000
9.14000100000000
8.21000000000000
10.7600000000000
10.4300000000000
13.7500000000000
37.9100000000000
41.8500000000000
44.6700000000000
50.5700000000000
50.3400000000000
49.5400000000000
56.9300000000000
60.1600000000000
57.4700000000000
71.6800000000000
97.2800000000000
62.0900000000000
59.9700000000000
51.1800000000000
51.4800000000000
66.0800000000000
86.3900000000000
93.5800000000000
99.9000000000000
93.8600000000000
82.8200000000000
84.8399900000000
89.5100000000000
86.8900000000000
87.1500000000000
78.4700000000000
55.9300000000000
41.2700000000000
19.6600000000000
9.43999900000000
4.66000000000000
2.36000000000000
1.72000000000000
3.32000000000000
12.1300000000000
16.8100000000000
24.3000000000000
52.4200000000000
58.0500000000000
59.4200000000000
57.5200000000000
60.1300000000000
64.6800000000000
74.9400000000000
69.7300100000000
77.1100000000000
97.9300000000000
98.7400000000000
98.8800000000000
90.4100100000000
77.8600000000000
61.4800000000000
47.6600000000000
30.7400000000000
20.1100000000000
12.0800000000000
8.97000000000000
20.0300000000000
71.5400000000000
97.5199900000000
95.1400000000000
92.2200000000000
80.0900000000000
74.5900000000000
83.6600100000000
87.3600000000000
96.6300000000000
93.3600000000000
94.7000000000000
99.6600100000000
91.6000000000000
89.9800100000000
99.3900000000000
99.4600000000000
99.3700000000000
99.5199900000000
96.6400000000000
89.5500000000000
68.6700000000000
65.0200000000000
61.8200000000000
76.9200000000000
80.1700000000000
77.4800100000000
82.3400000000000
74.1100000000000
69.0300000000000
79.4800100000000
78.7600000000000
67.5500000000000
59.9800000000000
44.3500000000000
41.1800000000000
71.5300000000000
95.5199900000000
93.4800100000000
98.1800000000000
70.4800100000000
77.6300000000000
88.1100000000000
93.1500000000000
99.0100000000000
93.3100000000000
81.2100000000000
79.6300000000000
80.6700000000000
85.6300000000000
88.6600100000000
93.6500000000000
95.4900000000000
98.2699900000000
86.1900000000000
79.6900000000000
72.2600000000000
35.0600000000000
20.9800000000000
29.6700000000000
42.0900000000000
52.9600000000000
69.4500000000000
76.8600000000000
86.1900000000000
96
96.0700000000000
86.8500000000000
76.6600100000000
61.4700000000000
46.2600000000000
40.1500000000000
72.5900000000000
85.1700000000000
91.7400000000000
99.2200000000000
76.5500000000000
64.1700000000000
69.2000000000000
70.3700000000000
79.5500000000000
74.7900000000000
70.9000000000000
78.8600000000000
84.2800000000000
83.4300000000000
85.5500000000000
80.1700000000000
90.8200000000000
99.3900000000000
99.1800000000000
89.1000000000000
82.1800000000000
77.6400000000000
55.9300000000000
49.7300000000000
70.1200000000000
79.2000000000000
87.8300000000000
88.2000000000000
94.8300000000000
98.6600100000000
94.8399900000000
83.0600000000000
61.4200000000000
47.4700000000000
31.8100000000000
22.9500000000000
17.8700000000000