0.377000000000000
0.246000000000000
0.311000000000000
0.104000000000000
-0.0160000000000000
0.235000000000000
0.137000000000000
0.191000000000000
-0.0160000000000000
0.290000000000000
0.0380000000000000
-0.0160000000000000
-0.158000000000000
0.366000000000000
0.607000000000000
-0.355000000000000
-0.180000000000000
0.268000000000000
0.0930000000000000
0.0270000000000000
0.246000000000000
0.202000000000000
0.432000000000000
0.617000000000000
0.760000000000000
0.891000000000000
0.607000000000000
0.574000000000000
0.00500000000000000
0.475000000000000
0.202000000000000
-0.0270000000000000
-0.0380000000000000
0.716000000000000
0.836000000000000
0.891000000000000
0.530000000000000
0.530000000000000
0.377000000000000
-0.235000000000000
-0.585000000000000
-0.180000000000000
-0.530000000000000
-0.464000000000000
-0.443000000000000
0.0490000000000000
0.454000000000000
0.257000000000000
0.410000000000000
0.224000000000000
0.148000000000000
-0.432000000000000
-0.0930000000000000
-0.268000000000000
0.158000000000000
-0.0600000000000000
-0.399000000000000
0.235000000000000
0.366000000000000
0.202000000000000
0.344000000000000
-0.0380000000000000
0.290000000000000
-0.126000000000000
-0.366000000000000
-0.115000000000000
-0.301000000000000
-0.486000000000000
-0.137000000000000
0.738000000000000
0.366000000000000
0.366000000000000
0.650000000000000
0.628000000000000
0.126000000000000
0.169000000000000
0.137000000000000
-0.257000000000000
0.169000000000000
-0.0930000000000000
0.475000000000000
0.639000000000000
0.596000000000000
0.749000000000000
0.191000000000000
1
0.486000000000000
0.410000000000000
0.158000000000000
0.126000000000000
0.0600000000000000
0.246000000000000
0.738000000000000
0.803000000000000
0.421000000000000
0.617000000000000
0.705000000000000
0.639000000000000
0.454000000000000
0.311000000000000
0.355000000000000
-0.158000000000000
-0.0380000000000000
0.115000000000000
0.137000000000000
0.257000000000000
0.115000000000000
0.0380000000000000
0.0820000000000000
0.148000000000000
0.0600000000000000
-0.191000000000000
-0.607000000000000
-0.585000000000000
-0.268000000000000
-0.0930000000000000
-0.0930000000000000
0.257000000000000
-0.00500000000000000
0.224000000000000
0.169000000000000
0.432000000000000
0.202000000000000
-0.366000000000000
-0.661000000000000
0.0930000000000000
-0.716000000000000
0.148000000000000
-0.0930000000000000
0.279000000000000
0.432000000000000
-0.104000000000000
0.607000000000000
0.180000000000000
0.0710000000000000
0.246000000000000
-0.432000000000000
0.0600000000000000
-0.388000000000000
0.202000000000000
-0.104000000000000
0.191000000000000
0.475000000000000
0.552000000000000
0.169000000000000
0.333000000000000
-0.00500000000000000
-0.0380000000000000
-0.126000000000000
-0.443000000000000
-0.0160000000000000
0.0270000000000000
0.333000000000000
0.355000000000000
0.344000000000000
0.115000000000000
0.311000000000000
0.596000000000000
0.00500000000000000
0.388000000000000
-0.508000100000000
-0.552000000000000
-0.858000000000000
-0.596000000000000
0.0600000000000000
0.0710000000000000
0.224000000000000
0.279000000000000
0.322000000000000
0.180000000000000
0.126000000000000
0.0820000000000000
0.126000000000000
-0.213000000000000
-0.235000000000000
0.169000000000000
0.388000000000000
0.519000000000000
0.126000000000000
0.410000000000000
0.738000000000000
0.443000000000000
0.596000000000000
-0.137000000000000
-0.486000000000000
-0.377000000000000
0.268000000000000
-0.169000000000000
-0.213000000000000
-0.191000000000000
0.377000000000000
0.126000000000000
0.311000000000000
0.388000000000000
0.388000000000000
0.180000000000000
-0.333000000000000
0.0490000000000000
-0.0820000000000000
0.191000000000000
0.399000000000000
0.0930000000000000
0.00500000000000000
0.366000000000000
0.333000000000000
0.377000000000000
0.0710000000000000
-0.158000000000000
-0.541000000000000
-0.683000000000000
-0.683000000000000
-0.344000000000000
-0.301000000000000
0.202000000000000
-0.126000000000000
0.0820000000000000
0.115000000000000
0.464000000000000
0.104000000000000
-0.180000000000000
-0.672000000000000
0.104000000000000
-0.486000000000000
0.0930000000000000
0.279000000000000
0.104000000000000
0.180000000000000
0.475000000000000
0.530000000000000
0.661000000000000
0.355000000000000
-0.344000000000000
-0.0380000000000000
0.235000000000000
0.486000000000000
0.169000000000000
0.333000000000000
0.137000000000000
0.169000000000000
0.333000000000000
0.705000000000000
0.377000000000000
0.585000000000000
-0.126000000000000
-0.213000000000000
0.148000000000000
-0.126000000000000
-0.344000000000000
-0.508000100000000
0.279000000000000
0.0820000000000000
0.355000000000000
0.0820000000000000
0.574000000000000
0.355000000000000
-0.257000000000000
-0.377000000000000
-0.344000000000000
-0.650000000000000
-0.0930000000000000
-0.137000000000000
0.115000000000000
0.705000000000000
0.399000000000000
0.366000000000000
0.366000000000000
0.0380000000000000
-0.268000000000000
0.322000000000000
0.0820000000000000
0.0820000000000000
0.0600000000000000
0.268000000000000
0.421000000000000
0.770000000000000
0.803000000000000
0.661000000000000
0.716000000000000
0.628000000000000
0.191000000000000
0.530000000000000
0.180000000000000
-0.464000000000000
0.279000000000000
0.355000000000000
0.202000000000000
0.552000000000000
0.617000000000000
0.104000000000000
0.224000000000000
0.432000000000000
-0.213000000000000
-0.967000000000000
-1
-0.432000000000000
-0.683000000000000
-0.508000100000000
-0.137000000000000
0.0820000000000000
-0.0600000000000000
0.333000000000000
0.355000000000000
0.388000000000000
-0.0600000000000000
-0.202000000000000
0.00500000000000000
-0.115000000000000
0.137000000000000
0.454000000000000
0.388000000000000
0.738000000000000
0.770000000000000
0.803000000000000
0.836000000000000
0.650000000000000
0.00500000000000000
-0.366000000000000
0.0710000000000000
-0.00500000000000000
-0.454000000000000
0.191000000000000
0.432000000000000
0.683000000000000
0.388000000000000
0.235000000000000
-0.0930000000000000
0.475000000000000
-0.0820000000000000
-0.617000000000000
-0.0930000000000000
-0.0710000000000000
0.432000000000000
0.421000000000000
0.497000000000000
0.454000000000000
0.596000000000000
0.552000000000000
0.607000000000000
0.464000000000000
-0.301000000000000
-0.770000000000000
-0.650000000000000
-0.694000000000000
-0.137000000000000
-0.464000000000000
-0.246000000000000
0.169000000000000
-0.202000000000000
0.0820000000000000
0.607000000000000
-0.158000000000000
-0.454000000000000
-0.781000000000000
-0.388000000000000
0.180000000000000
0.0600000000000000
-0.508000100000000
-0.268000000000000
0.224000000000000
0.115000000000000
0.399000000000000
0.0270000000000000
0.0160000000000000
-0.377000000000000
-0.180000000000000
-0.0380000000000000
-0.202000000000000
0.137000000000000
0.0930000000000000
-0.279000000000000
-0.0380000000000000
0.235000000000000
0.169000000000000
0.399000000000000
0.158000000000000
-0.541000000000000
-0.628000000000000
0.0270000000000000
-0.738000000000000
-0.913000000000000
-0.0270000000000000
0.0710000000000000
-0.126000000000000
0.0490000000000000
0.454000000000000
0.301000000000000
-0.00500000000000000
-0.0930000000000000
-0.224000000000000
-0.213000000000000
-0.311000000000000
-0.235000000000000
-0.322000000000000
0.322000000000000
0.0930000000000000
0.115000000000000
0.770000000000000
0.607000000000000
-0.158000000000000
-0.235000000000000
-0.202000000000000
-0.333000000000000
-0.158000000000000
-0.224000000000000
-0.355000000000000
0.00500000000000000
0.454000000000000
0.410000000000000
0.519000000000000
0.541000000000000
0.301000000000000
-0.574000000000000
-0.344000000000000
-0.279000000000000
-0.716000000000000
-0.869000000000000
-0.596000000000000
-0.290000000000000
-0.454000000000000
-0.246000000000000
-0.607000000000000
-0.563000000000000
-0.235000000000000
-0.246000000000000
-0.399000000000000
-0.333000000000000
-0.530000000000000
-0.0490000000000000
0.158000000000000
0.115000000000000
0.322000000000000
0.115000000000000
0.0490000000000000
0.454000000000000
0.158000000000000
-0.421000000000000
-0.268000000000000
-0.311000000000000
-0.115000000000000
-0.322000000000000
-0.322000000000000
0.126000000000000
0.333000000000000
0.519000000000000
0.399000000000000
0.519000000000000
0.432000000000000
0.355000000000000
-0.126000000000000
-0.508000100000000
-0.388000000000000
0.388000000000000
0.0710000000000000