0	0.32
0.78125	-0.25
1.5625	-1.39
2.34375	-1.77
3.125	-0.65
3.90625	0.56
4.6875	1.14
5.46875	1.28
6.25	0.68
7.03125	0.4
7.8125	-0.08
8.59375	-1.36
9.375	-1.39
10.15625	-0.66
10.9375	0.03
11.71875	0.67
12.5	0.7
13.28125	0.63
14.0625	0.68
14.84375	0.41
15.625	-0.27
16.40625	-1.27
17.1875	-1.71
17.96875	-1.19
18.75	0.31
19.53125	1.86
20.3125	2.1
21.09375	0.97
21.875	-0.06
22.65625	-0.66
23.4375	-1.24
24.21875	-1.01
25	-0.56
25.78125	-0.08
26.5625	0.4
27.34375	0.56
28.125	0.67
28.90625	0.75
29.6875	-0.01
30.46875	-0.42
31.25	-0.41
32.03125	-0.77
32.8125	-0.51
33.59375	0.06
34.375	0.66
35.15625	0.03
35.9375	-0.31
36.71875	0.55
37.5	0.52
38.28125	0.3
39.0625	-0.29
39.84375	-0.23
40.625	-0.25
41.40625	-0.63
42.1875	-0.07
42.96875	0.3
43.75	0.48
44.53125	-0.08
45.3125	-0.05
46.09375	0.33
46.875	0.29
47.65625	-0.02
48.4375	-0.35
49.21875	-0.2
50	-0.23
50.78125	-0.33
51.5625	-0.21
52.34375	0.14
53.125	0.84
53.90625	0.75
54.6875	0.25
55.46875	-0.46
56.25	-0.92
57.03125	-0.8
57.8125	-0.34
58.59375	0.86
59.375	0.3
60.15625	0.26
60.9375	-0.09
61.71875	0.02
62.5	0.71
63.28125	0.16
64.0625	-0.68
64.84375	-0.97
65.625	-0.77
66.40625	-0.53
67.1875	1.28
67.96875	1.81
68.75	0.91
69.53125	-0.7
70.3125	-0.96
71.09375	-0.45
71.875	-0.25
72.65625	-0.03
73.4375	-0.12
74.21875	-0.17
75	0.42
75.78125	1.15
76.5625	0.89
77.34375	-0.2
78.125	-1.6
78.90625	-1.29
79.6875	-0.28
80.46875	0.61
81.25	0.72
82.03125	0.6
82.8125	0.5
83.59375	0.24
84.375	-0.04
85.15625	-0.59
85.9375	-0.73
86.71875	-0.68
87.5	-0.57
88.28125	0.15
89.0625	0.59
89.84375	1
90.625	1.3
91.40625	0.37
92.1875	-0.73
92.96875	-1.23
93.75	-0.74
94.53125	-0.08
95.3125	0.11
96.09375	0.61
96.875	0.49
97.65625	-0.17
98.4375	-0.03
99.21875	0.36
100	0.53
100.78125	0.05
101.5625	-0.36
102.34375	-0.59
103.125	-1.04
103.90625	-0.79
104.6875	0.07
105.46875	0.69
106.25	1.19
107.03125	1.21
107.8125	0.72
108.59375	-0.49
109.375	-1.35
110.15625	-1.33
110.9375	-1
111.71875	0.17
112.5	1.23
113.28125	1.22
114.0625	0.46
114.84375	0.08
115.625	-0.16
116.40625	-0.37
117.1875	-0.46
117.96875	-0.2
118.75	-0.67
119.53125	-0.6
120.3125	0.44
121.09375	0.92
121.875	0.68
122.65625	-0.03
123.4375	-0.19
124.21875	-0.39
125	-0.59
125.78125	-0.05
126.5625	0.25
127.34375	0.25
128.125	-0.01
128.90625	-0.3
129.6875	0.79
130.46875	0.5
131.25	-0.45
132.03125	-0.85
132.8125	-0.92
133.59375	0.42
134.375	1.1
135.15625	0.51
135.9375	0.23
136.71875	-0.05
137.5	-0.27
138.28125	-0.22
139.0625	-0.45
139.84375	0
140.625	-0.5
141.40625	-0.83
142.1875	0.15
142.96875	0.5
143.75	0.69
144.53125	0.74
145.3125	0.64
146.09375	0.03
146.875	-0.91
147.65625	-0.66
148.4375	-0.77
149.21875	-1.11
150	-0.26
150.78125	1.2
151.5625	1.77
152.34375	0.53
153.125	0.27
153.90625	0.13
154.6875	-0.49
155.46875	-0.78
156.25	-1.08
157.03125	-0.53
157.8125	-0.28
158.59375	0.55
159.375	1.49
160.15625	0.81
160.9375	-0.16
161.71875	-0.35
162.5	-0.45
163.28125	-0.62
164.0625	-0.24
164.84375	0.28
165.625	0.44
166.40625	0.07
167.1875	-0.25
167.96875	-0.46
168.75	-0.05
169.53125	0.18
170.3125	0.13
171.09375	0.03
171.875	-0.37
172.65625	0.55
173.4375	0.44
174.21875	0.05
175	0.05
175.78125	-0.69
176.5625	-0.93
177.34375	-0.43
178.125	0.73
178.90625	0.96
179.6875	0.43
180.46875	-0.21
181.25	0.11
182.03125	0.75
182.8125	0.18
183.59375	-0.88
184.375	-1.33
185.15625	-0.17
185.9375	0.54
186.71875	-0.05
187.5	0.04
188.28125	0.35
189.0625	0.79
189.84375	0.7
190.625	-0.06
191.40625	-1.02
192.1875	-1.54
192.96875	-0.39
193.75	0.49
194.53125	0.51
195.3125	0.25
196.09375	-0.59
196.875	-0.11
197.65625	1.47
198.4375	1.33
199.21875	0.33
200	-1.08
200.78125	-1.96
201.5625	-1.42
202.34375	0.07
203.125	1.49
203.90625	1.88
204.6875	0.83
205.46875	-0.45
206.25	-0.94
207.03125	-0.58
207.8125	0.42
208.59375	0.18
209.375	-0.02
210.15625	-0.37
210.9375	-0.99
211.71875	-1.04
212.5	0.05
213.28125	1.08
214.0625	1.55
214.84375	1.15
215.625	0.16
216.40625	-0.93
217.1875	-2.2
217.96875	-1.4
218.75	-0.15
219.53125	1.25
220.3125	1.49
221.09375	0.86
221.875	0.76
222.65625	-0.01
223.4375	-1.09
224.21875	-1.46
225	-0.7
225.78125	0.15
226.5625	0.6
227.34375	1.01
228.125	0.75
228.90625	0.06
229.6875	-0.59
230.46875	-0.81
231.25	0.2
232.03125	0.17
232.8125	-0.14
233.59375	-0.18
234.375	-0.2
235.15625	0.41
235.9375	0.46
236.71875	0.19
237.5	-0.35
238.28125	-0.2
239.0625	0.06
239.84375	-0.2
240.625	-0.34
241.40625	-0.32
242.1875	0.37
242.96875	0.44
243.75	0.09
244.53125	0.01
245.3125	-0.07
246.09375	0.14
246.875	0.04
247.65625	-0.07
248.4375	-0.71
249.21875	-1.01
250	0.26
250.78125	1.07
251.5625	0.91
252.34375	0.31
253.125	-0.11
253.90625	-0.33
254.6875	-0.55
255.46875	-0.36
256.25	-0.17
257.03125	-0.06
257.8125	0.08
258.59375	0.43
259.375	0.69
260.15625	0.33
260.9375	-0.22
261.71875	-0.78
262.5	-0.82
263.28125	-0.03
264.0625	0.64
264.84375	0.55
265.625	0.28
266.40625	0.03
267.1875	-0.68
267.96875	-0.5
268.75	0.16
269.53125	-0.09
270.3125	-0.59
271.09375	0.13
271.875	0.75
272.65625	0.88
273.4375	0.98
274.21875	-0.29
275	-1.29
275.78125	-1.5
276.5625	-0.58
277.34375	0.38
278.125	1.15
278.90625	1.37
279.6875	0.63
280.46875	0.2
281.25	-0.55
282.03125	-0.85
282.8125	-1.07
283.59375	-0.7
284.375	0.05
285.15625	0.65
285.9375	0.85
286.71875	0.59
287.5	0.31
288.28125	0.06
289.0625	-0.53
289.84375	-0.55
290.625	-0.23
291.40625	-0.38
292.1875	-0.46
292.96875	-0.31
293.75	0.55
294.53125	0.52
295.3125	0.95
296.09375	0.95
296.875	-0.11
297.65625	-0.68
298.4375	-0.93
299.21875	-0.82
300	-0.8
300.78125	0.01
301.5625	0.88
302.34375	1.45
303.125	1.06
303.90625	-0.13
304.6875	-0.49
305.46875	-0.55
306.25	-0.71
307.03125	-0.96
307.8125	-0.71
308.59375	0.56
309.375	1.59
310.15625	1.24
310.9375	0.01
311.71875	-1.18
312.5	-1.29
313.28125	-0.1
314.0625	0.79
314.84375	1
315.625	0.32
316.40625	-0.57
317.1875	-0.99
317.96875	-0.37
318.75	0.47
319.53125	0.39
320.3125	0.1
321.09375	0.17
321.875	0.27
322.65625	-0.04
323.4375	-0.43
324.21875	-0.53
325	-0.11
325.78125	0.06
326.5625	0.17
327.34375	0.08
328.125	0.56
328.90625	0.59
329.6875	-0.28
330.46875	-0.86
331.25	-0.45
332.03125	0.62
332.8125	0.58
333.59375	-0.02
334.375	-0.38
335.15625	-0.1
335.9375	0.2
336.71875	0.08
337.5	-0.05
338.28125	-0.45
339.0625	-0.28
339.84375	0.37
340.625	0.3
341.40625	0.21
342.1875	-0.28
342.96875	-0.74
343.75	-0.89
344.53125	0.28
345.3125	1.5
346.09375	1.16
346.875	0.02
347.65625	-1.08
348.4375	-0.4
349.21875	0
350	-0.64
350.78125	-0.5
351.5625	0.14
352.34375	0.68
353.125	1.34
353.90625	0.9
354.6875	-0.4
355.46875	-0.7
356.25	-0.89
357.03125	-1.03
357.8125	-0.15
358.59375	0.32
359.375	0.67
360.15625	0.67
360.9375	0.53
361.71875	0.2
362.5	-0.66
363.28125	-0.32
364.0625	-0.3
364.84375	-0.38
365.625	-0.27
366.40625	-0.04
367.1875	0.43
367.96875	0.17
368.75	0.67
369.53125	0.68
370.3125	-0.27
371.09375	-0.6
371.875	-0.58
372.65625	-0.58
373.4375	0.28
374.21875	0.74
375	0.24
375.78125	0.09
376.5625	-0.24
377.34375	0.16
378.125	-0.18
378.90625	-0.24
379.6875	-0.06
380.46875	0.27
381.25	0.39
382.03125	-0.4
382.8125	-0.16
383.59375	-0.15
384.375	-0.21
385.15625	0.12
385.9375	0.34
386.71875	0.37
387.5	0.37
388.28125	-0.52
389.0625	-0.67
389.84375	-0.39
390.625	0.07
391.40625	0.47
392.1875	0.38
392.96875	0.59
393.75	0.34
394.53125	-0.41
395.3125	-1.21
396.09375	-0.63
396.875	0.34
397.65625	1.08
398.4375	0.6
399.21875	-0.55
400	-0.15
400.78125	0.16
401.5625	-0.02
402.34375	0
403.125	-0.13
403.90625	0.24
404.6875	-0.1
405.46875	-0.38
406.25	-0.57
407.03125	-0.84
407.8125	0.22
408.59375	0.87
409.375	0.74
410.15625	1.09
410.9375	0.47
411.71875	-0.87
412.5	-1.37
413.28125	-0.91
414.0625	0.42
414.84375	0.6
415.625	0.11
416.40625	-0.38
417.1875	0.09
417.96875	0.87
418.75	0.83
419.53125	0.43
420.3125	-0.42
421.09375	-0.81
421.875	-0.74
422.65625	-0.87
423.4375	-0.6
424.21875	0.19
425	0.85
425.78125	1.1
426.5625	0.87
427.34375	0.23
428.125	-0.49
428.90625	-0.72
429.6875	-1.06
430.46875	-0.43
431.25	0.7
432.03125	0.38
432.8125	-0.01
433.59375	-0.09
434.375	-0.04
435.15625	0.63
435.9375	0.53
436.71875	-0.14
437.5	-0.67
438.28125	-0.33
439.0625	0.2
439.84375	-0.02
440.625	-0.19
441.40625	-0.14
442.1875	-0.02
442.96875	0.07
443.75	0.37
444.53125	0.49
445.3125	0.48
446.09375	0
446.875	-0.73
447.65625	-0.96
448.4375	-0.4
449.21875	0.26
450	0.51
450.78125	0.56
451.5625	0.69
452.34375	0.38
453.125	-0.36
453.90625	-0.52
454.6875	-1.06
455.46875	-0.69
456.25	0.18
457.03125	0.28
457.8125	0.78
458.59375	0.76
459.375	0.98
460.15625	0.67
460.9375	-1.09
461.71875	-1.8
462.5	-1.25
463.28125	-0.46
464.0625	0.67
464.84375	1.13
465.625	0.77
466.40625	1.09
467.1875	1.04
467.96875	-0.09
468.75	-1.62
469.53125	-2
470.3125	-1.48
471.09375	-0.08
471.875	1.45
472.65625	1.97
473.4375	1.39
474.21875	-0.11
475	-0.25
475.78125	-0.45
476.5625	-0.99
477.34375	-0.99
478.125	-0.48
478.90625	0.53
479.6875	0.78
480.46875	0.53
481.25	0.11
482.03125	-0.21
482.8125	-0.33
483.59375	-0.3
484.375	-0.13
485.15625	0.16
485.9375	0.49
486.71875	0.39
487.5	0.02
488.28125	-0.65
489.0625	-0.62
489.84375	-0.16
490.625	-0.15
491.40625	0
492.1875	0.48
492.96875	0.8
493.75	1.05
494.53125	0.29
495.3125	-0.72
496.09375	-0.97
496.875	-1.38
497.65625	-0.99
498.4375	0.11
499.21875	1.3
500	1.94
500.78125	1.11
501.5625	0.09
502.34375	-0.3
503.125	-0.93
503.90625	-1.62
504.6875	-1.57
505.46875	-0.64
506.25	0.35
507.03125	1.66
507.8125	2.2
508.59375	1.91
509.375	0.31
510.15625	-1.57
510.9375	-1.85
511.71875	-1.65
512.5	-0.66
513.28125	0.2
514.0625	0.47
514.84375	0.99
515.625	1.45
516.40625	1.18
517.1875	0.37
517.96875	-0.61
518.75	-1.36
519.53125	-2.16
520.3125	-1.59
521.09375	0.04
521.875	1.2
522.65625	1.35
523.4375	1.61
524.21875	1.48
525	0.31
525.78125	-0.64
526.5625	-1.7
527.34375	-1.83
528.125	-0.76
528.90625	0.21
529.6875	0.87
530.46875	1.4
531.25	1.05
532.03125	0.59
532.8125	-0.39
533.59375	-0.94
534.375	-1
535.15625	-0.44
535.9375	0.41
536.71875	0.44
537.5	0.43
538.28125	-0.19
539.0625	-0.33
539.84375	-0.09
540.625	-0.17
541.40625	-0.12
542.1875	0.26
542.96875	0.46
543.75	-0.11
544.53125	-0.4
545.3125	0.09
546.09375	0.37
546.875	0.52
547.65625	-0.16
548.4375	-0.95
549.21875	-0.79
550	-0.37
550.78125	0.47
551.5625	0.99
552.34375	0.95
553.125	0.54
553.90625	0.29
554.6875	-0.33
555.46875	-1.45
556.25	-1.15
557.03125	-0.12
557.8125	0.6
558.59375	0.58
559.375	0.63
560.15625	0.42
560.9375	-0.09
561.71875	-0.2
562.5	-0.2
563.28125	-0.04
564.0625	-0.28
564.84375	-0.27
565.625	-0.5
566.40625	-0.3
567.1875	-0.03
567.96875	0.13
568.75	0.62
569.53125	1.23
570.3125	0.9
571.09375	-0.72
571.875	-1.27
572.65625	-0.84
573.4375	-0.25
574.21875	0.14
575	0.52
575.78125	1.01
576.5625	0.53
577.34375	-0.59
578.125	-0.2
578.90625	0.65
579.6875	0.03
580.46875	-0.66
581.25	-0.77
582.03125	-0.45
582.8125	0.2
583.59375	-0.01
584.375	0.21
585.15625	1.25
585.9375	1.14
586.71875	-0.24
587.5	-1.51
588.28125	-1.27
589.0625	0.01
589.84375	0.57
590.625	0.75
591.40625	0.64
592.1875	0.28
592.96875	-0.21
593.75	-0.86
594.53125	-0.87
595.3125	-0.72
596.09375	0.34
596.875	1.28
597.65625	1.22
598.4375	0.44
599.21875	-0.39
600	-0.92
600.78125	-1.06
601.5625	-0.3
602.34375	0.05
603.125	0.16
603.90625	0.59
604.6875	0.77
605.46875	0.58
606.25	-0.04
607.03125	-0.35
607.8125	-0.77
608.59375	-0.77
609.375	-0.05
610.15625	-0.2
610.9375	0.1
611.71875	0.64
612.5	0.86
613.28125	0.86
614.0625	-0.11
614.84375	-1.17
615.625	-0.9
616.40625	-0.28
617.1875	0.4
617.96875	0.69
618.75	0.42
619.53125	0.15
620.3125	0.04
621.09375	-0.61
621.875	-0.72
622.65625	0.38
623.4375	0.36
624.21875	0.1
625	-0.18
625.78125	0.51
626.5625	0.33
627.34375	-0.37
628.125	-0.7
628.90625	-0.81
629.6875	-0.32
630.46875	0.25
631.25	0.71
632.03125	1.08
632.8125	1.09
633.59375	0.02
634.375	-0.5
635.15625	-1.79
635.9375	-1.84
636.71875	-0.19
637.5	0.74
638.28125	1.32
639.0625	1.76
639.84375	1.26
640.625	0.09
641.40625	-1.33
642.1875	-1.57
642.96875	-1.32
643.75	-0.67
644.53125	0.84
645.3125	1.21
646.09375	1.27
646.875	0.83
647.65625	-0.28
648.4375	-1.21
649.21875	-1.24
650	-0.54
650.78125	0.55
651.5625	0.82
652.34375	0.65
653.125	0.31
653.90625	-0.35
654.6875	-0.66
655.46875	-0.55
656.25	-0.13
657.03125	0.23
657.8125	0.25
658.59375	0.07
659.375	0.32
660.15625	0.61
660.9375	0.24
661.71875	-0.18
662.5	-1.04
663.28125	-1.26
664.0625	-0.11
664.84375	0.77
665.625	1.06
666.40625	0.85
667.1875	0.51
667.96875	-0.03
668.75	-1.04
669.53125	-1.31
670.3125	-0.64
671.09375	0.22
671.875	1.1
672.65625	0.84
673.4375	0.81
674.21875	0.03
675	-0.49
675.78125	-0.94
676.5625	-1.5
677.34375	-0.78
678.125	0.6
678.90625	1.3
679.6875	0.96
680.46875	0.8
681.25	0.24
682.03125	-0.22
682.8125	-1.13
683.59375	-1.18
684.375	-1.39
685.15625	-0.65
685.9375	0.77
686.71875	1.34
687.5	1.61
688.28125	1.58
689.0625	0.4
689.84375	-1.19
690.625	-1.9
691.40625	-1.63
692.1875	-0.46
692.96875	0.56
693.75	1.57
694.53125	1.31
695.3125	0.71
696.09375	-0.03
696.875	-0.42
697.65625	-1.19
698.4375	-0.96
699.21875	-0.15
700	0.12
700.78125	0.4
701.5625	0.32
702.34375	0.37
703.125	0.31
703.90625	0.38
704.6875	-0.24
705.46875	-0.98
706.25	-1.21
707.03125	-0.69
707.8125	0.49
708.59375	1.18
709.375	0.9
710.15625	0.65
710.9375	0.52
711.71875	-0.01
712.5	-1.35
713.28125	-2.07
714.0625	-0.85
714.84375	0.76
715.625	1.49
716.40625	1.58
717.1875	1.07
717.96875	-0.05
718.75	-0.74
719.53125	-1.28
720.3125	-1.15
721.09375	-0.44
721.875	-0.1
722.65625	1.02
723.4375	1.34
724.21875	0.4
725	-0.46
725.78125	-0.66
726.5625	0.2
727.34375	0.3
728.125	-0.18
728.90625	-0.61
729.6875	-1.02
730.46875	-0.82
731.25	0.12
732.03125	1.29
732.8125	1.54
733.59375	0.86
734.375	0.09
735.15625	-0.84
735.9375	-1.62
736.71875	-1.46
737.5	-0.69
738.28125	0.86
739.0625	2.03
739.84375	1.63
740.625	0.66
741.40625	-0.6
742.1875	-1.37
742.96875	-1.36
743.75	-1.09
744.53125	-0.15
745.3125	1.02
746.09375	1.77
746.875	1.52
747.65625	0.15
748.4375	-1.03
749.21875	-1.11
750	-0.61
750.78125	-0.97
751.5625	-0.43
752.34375	0.76
753.125	0.71
753.90625	0.72
754.6875	0.65
755.46875	0.48
756.25	-0.14
757.03125	-0.71
757.8125	-1.34
758.59375	-1.08
759.375	0.08
760.15625	0.38
760.9375	0.58
761.71875	0.74
762.5	0.77
763.28125	0.44
764.0625	0.11
764.84375	-0.37
765.625	-1.04
766.40625	-1.03
767.1875	-0.31
767.96875	0.54
768.75	0.65
769.53125	0.73
770.3125	0.48
771.09375	-0.15
771.875	-0.28
772.65625	-0.61
773.4375	-0.44
774.21875	0.19
775	0.27
775.78125	0.18
776.5625	0.36
777.34375	0.04
778.125	-0.19
778.90625	-0.39
779.6875	-0.72
780.46875	0.05
781.25	0.28
782.03125	0.01
782.8125	0.1
783.59375	0.37
784.375	0.51
785.15625	0.55
785.9375	-0.18
786.71875	-0.84
787.5	-0.87
788.28125	-0.78
789.0625	0.15
789.84375	0.52
790.625	0.71
791.40625	1.02
792.1875	0.75
792.96875	-0.07
793.75	-0.62
794.53125	-0.91
795.3125	-0.94
796.09375	-0.24
796.875	0.08
797.65625	0.47
798.4375	0.4
799.21875	0.64
800	1.12
800.78125	0.01
801.5625	-0.58
802.34375	-0.62
803.125	-0.68
803.90625	-0.68
804.6875	-0.71
805.46875	-0.08
806.25	0.88
807.03125	1.56
807.8125	1.21
808.59375	0.33
809.375	-0.56
810.15625	-0.97
810.9375	-1.24
811.71875	-1.41
812.5	-0.53
813.28125	0.85
814.0625	1.31
814.84375	1.01
815.625	0.7
816.40625	0.65
817.1875	-0.1
817.96875	-1.05
818.75	-1.29
819.53125	-1.68
820.3125	-0.62
821.09375	0.82
821.875	1.74
822.65625	1.4
823.4375	0.6
824.21875	0.16
825	-0.73
825.78125	-0.9
826.5625	-1.34
827.34375	-0.84
828.125	0.54
828.90625	1.01
829.6875	0.8
830.46875	0.46
831.25	0.26
832.03125	-0.38
832.8125	-0.58
833.59375	-0.26
834.375	-0.39
835.15625	-0.39
835.9375	0
836.71875	0.28
837.5	0.32
838.28125	0.3
839.0625	0.39
839.84375	0.56
840.625	-0.56
841.40625	-0.87
842.1875	-0.27
842.96875	-0.16
843.75	0.01
844.53125	-0.48
845.3125	0.05
846.09375	1.09
846.875	1.48
847.65625	0.73
848.4375	-0.87
849.21875	-1.32
850	-0.66
850.78125	-0.19
851.5625	0.33
852.34375	0.81
853.125	0.52
853.90625	-0.18
854.6875	-0.1
855.46875	-0.02
856.25	-0.48
857.03125	-0.25
857.8125	0.29
858.59375	0.6
859.375	-0.34
860.15625	-0.77
860.9375	0.05
861.71875	0.32
862.5	0.24
863.28125	-0.59
864.0625	-0.34
864.84375	0.8
865.625	0.74
866.40625	0.15
867.1875	0.01
867.96875	-0.17
868.75	-1.02
869.53125	-0.95
870.3125	-0.34
871.09375	0.4
871.875	0.62
872.65625	1.04
873.4375	1.17
874.21875	0.37
875	-0.5
875.78125	-1.26
876.5625	-1.01
877.34375	-0.54
878.125	-0.01
878.90625	0.49
879.6875	1.14
880.46875	0.95
881.25	0.13
882.03125	-0.53
882.8125	-0.69
883.59375	-0.11
884.375	-0.11
885.15625	-0.33
885.9375	-0.11
886.71875	0.07
887.5	0.2
888.28125	0
889.0625	0.09
889.84375	0.39
890.625	0.6
891.40625	0
892.1875	-1.05
892.96875	-0.79
893.75	0.07
894.53125	0.83
895.3125	0.58
896.09375	0.17
896.875	-0.01
897.65625	-0.06
898.4375	-0.51
899.21875	-0.88
900	-0.15
900.78125	0.8
901.5625	0.82
902.34375	0.43
903.125	-0.09
903.90625	-1.01
904.6875	-1.16
905.46875	-0.25
906.25	0.74
907.03125	1.05
907.8125	1.17
908.59375	0.02
909.375	-0.94
910.15625	-1.28
910.9375	-0.99
911.71875	-0.21
912.5	1.03
913.28125	1.69
914.0625	0.61
914.84375	0.25
915.625	-0.27
916.40625	-0.36
917.1875	-0.72
917.96875	-1.62
918.75	-1.18
919.53125	0.1
920.3125	1.48
921.09375	1.78
921.875	0.88
922.65625	0.21
923.4375	-0.17
924.21875	-1.03
925	-1.52
925.78125	-1.01
926.5625	-0.56
927.34375	0.34
928.125	1.37
928.90625	1.71
929.6875	0.99
930.46875	-0.34
931.25	-1.47
932.03125	-1.65
932.8125	-0.54
933.59375	0.6
934.375	1.21
935.15625	1.12
935.9375	0.96
936.71875	-0.42
937.5	-1.6
938.28125	-1.16
939.0625	-0.01
939.84375	0.67
940.625	0.86
941.40625	0.3
942.1875	-0.07
942.96875	0.18
943.75	-0.18
944.53125	-0.31
945.3125	-0.38
946.09375	-0.22
946.875	-0.48
947.65625	0.26
948.4375	0.56
949.21875	0.31
950	-0.07
950.78125	-0.74
951.5625	-0.36
952.34375	0.34
953.125	0.79
953.90625	0.8
954.6875	0.39
955.46875	-0.66
956.25	-1.05
957.03125	-0.75
957.8125	-0.47
958.59375	-0.49
959.375	0.57
960.15625	1.5
960.9375	1.61
961.71875	0.93
962.5	-0.42
963.28125	-1.34
964.0625	-1.4
964.84375	-0.97
965.625	-0.54
966.40625	0.35
967.1875	0.77
967.96875	1.2
968.75	1.21
969.53125	0.89
970.3125	-0.08
971.09375	-1.23
971.875	-1.89
972.65625	-1.11
973.4375	-0.05
974.21875	0.04
975	0.96
975.78125	1.44
976.5625	1.13
977.34375	0.47
978.125	-0.27
978.90625	-1.12
979.6875	-1.21
980.46875	-0.94
981.25	-0.88
982.03125	0.15
982.8125	1.26
983.59375	1.45
984.375	1.12
985.15625	0.35
985.9375	-0.37
986.71875	-0.65
987.5	-1.18
988.28125	-1.11
989.0625	-0.38
989.84375	0.29
990.625	1.01
991.40625	0.98
992.1875	0.38
992.96875	0.32
993.75	-0.14
994.53125	-0.74
995.3125	-0.5
996.09375	-0.19
996.875	-0.29
997.65625	0.02
998.4375	0.51
999.21875	0.18
1000	-0.42
1000.78125	-0.21
1001.5625	0.64
1002.34375	0.51
1003.125	0.16
1003.90625	-0.27
1004.6875	-0.35
1005.46875	-0.38
1006.25	-0.5
1007.03125	-0.17
1007.8125	-0.08
1008.59375	0.28
1009.375	0.43
1010.15625	0.93
1010.9375	0.16
1011.71875	-0.59
1012.5	0.05
1013.28125	0.3
1014.0625	-0.34
1014.84375	-0.97
1015.625	-0.28
1016.40625	0.55
1017.1875	0.82
1017.96875	0.34
1018.75	0.19
1019.53125	-0.01
1020.3125	-0.48
1021.09375	-0.61
1021.875	-0.36
1022.65625	0.25
1023.4375	0.34
1024.21875	-0.15
1025	-0.07
1025.78125	0.22
1026.5625	0.31
1027.34375	0.07
1028.125	-0.82
1028.90625	-0.37
1029.6875	0.4
1030.46875	0.7
1031.25	0.24
1032.03125	-1.02
1032.8125	-1.27
1033.59375	0.04
1034.375	1.53
1035.15625	1.73
1035.9375	0.87
1036.71875	-0.37
1037.5	-1.07
1038.28125	-1.68
1039.0625	-0.97
1039.84375	-0.09
1040.625	0.43
1041.40625	1.12
1042.1875	1.02
1042.96875	1.02
1043.75	0.28
1044.53125	-0.79
1045.3125	-1.35
1046.09375	-1.21
1046.875	-0.74
1047.65625	-0.02
1048.4375	0.8
1049.21875	1.41
1050	1.22
1050.78125	0.13
1051.5625	-0.37
1052.34375	-0.59
1053.125	-0.94
1053.90625	-0.92
1054.6875	-0.1
1055.46875	0.52
1056.25	0.44
1057.03125	0.41
1057.8125	0.68
1058.59375	0.71
1059.375	0.07
1060.15625	-1.03
1060.9375	-1.31
1061.71875	-0.43
1062.5	0.15
1063.28125	0.77
1064.0625	0.7
1064.84375	0.45
1065.625	0.46
1066.40625	-0.28
1067.1875	-0.59
1067.96875	-0.77
1068.75	-0.65
1069.53125	-0.15
1070.3125	0.14
1071.09375	0.99
1071.875	0.92
1072.65625	0.32
1073.4375	0.18
1074.21875	-0.52
1075	-1.18
1075.78125	-1.07
1076.5625	-0.21
1077.34375	0.43
1078.125	1.1
1078.90625	0.84
1079.6875	0.3
1080.46875	0.16
1081.25	-0.45
1082.03125	-0.5
1082.8125	-0.69
1083.59375	-0.43
1084.375	-0.21
1085.15625	-0.05
1085.9375	0.49
1086.71875	1.11
1087.5	1
1088.28125	0.06
1089.0625	-0.4
1089.84375	-1.02
1090.625	-0.74
1091.40625	-0.3
1092.1875	-0.06
1092.96875	0.33
1093.75	0.65
1094.53125	0.87
1095.3125	0.31
1096.09375	-0.27
1096.875	-0.67
1097.65625	-0.52
1098.4375	-0.82
1099.21875	-0.86
1100	0.22
1100.78125	1.63
1101.5625	1.81
1102.34375	0.13
1103.125	-0.96
1103.90625	-0.88
1104.6875	-0.39
1105.46875	-0.01
1106.25	0.34
1107.03125	0.54
1107.8125	0.2
1108.59375	-0.88
1109.375	-1.21
1110.15625	-0.28
1110.9375	0.98
1111.71875	1.5
1112.5	0.78
1113.28125	0.1
1114.0625	-0.54
1114.84375	-0.95
1115.625	-1.28
1116.40625	-0.65
1117.1875	0.84
1117.96875	1.2
1118.75	0.36
1119.53125	-0.5
1120.3125	0.03
1121.09375	0.72
1121.875	0.2
1122.65625	-0.15
1123.4375	-0.24
1124.21875	-0.76
1125	-1.36
1125.78125	-0.8
1126.5625	0.43
1127.34375	1.19
1128.125	1.66
1128.90625	0.9
1129.6875	-0.15
1130.46875	-0.45
1131.25	-1.08
1132.03125	-1.61
1132.8125	-1.19
1133.59375	-0.2
1134.375	1.21
1135.15625	2.27
1135.9375	1.62
1136.71875	0.24
1137.5	-0.94
1138.28125	-1.54
1139.0625	-1.31
1139.84375	-0.52
1140.625	0.69
1141.40625	1.21
1142.1875	1.01
1142.96875	0.11
1143.75	-0.56
1144.53125	-1.06
1145.3125	-1.15
1146.09375	-0.16
1146.875	0.82
1147.65625	1.58
1148.4375	1.19
1149.21875	-0.21
1150	-1.22
1150.78125	-1.23
1151.5625	-0.44
1152.34375	0.3
1153.125	0.2
1153.90625	0.27
1154.6875	0.72
1155.46875	0.59
1156.25	0.12
1157.03125	-0.1
1157.8125	-0.75
1158.59375	-1.12
1159.375	-0.66
1160.15625	-0.34
1160.9375	0.41
1161.71875	1.27
1162.5	1.46
1163.28125	0.79
1164.0625	-0.31
1164.84375	-1.07
1165.625	-1.45
1166.40625	-1.05
1167.1875	0.16
1167.96875	1.12
1168.75	1.57
1169.53125	0.98
1170.3125	-0.02
1171.09375	-0.82
1171.875	-1.23
1172.65625	-0.94
1173.4375	-0.45
1174.21875	0.31
1175	1.15
1175.78125	1.03
1176.5625	0.62
1177.34375	0
1178.125	-0.75
1178.90625	-1.32
1179.6875	-1.59
1180.46875	-0.54
1181.25	0.69
1182.03125	1.52
1182.8125	1.42
1183.59375	1.17
1184.375	0.15
1185.15625	-1.23
1185.9375	-1.73
1186.71875	-1.48
1187.5	-0.67
1188.28125	0.31
1189.0625	1.81
1189.84375	1.96
1190.625	1.15
1191.40625	-0.08
1192.1875	-0.97
1192.96875	-1.44
1193.75	-1.48
1194.53125	-0.43
1195.3125	1.1
1196.09375	1.54
1196.875	0.83
1197.65625	-0.1
1198.4375	-0.8
1199.21875	-0.65
1200	-0.39
1200.78125	-0.17
1201.5625	-0.13
1202.34375	0.13
1203.125	0.5
1203.90625	0.81
1204.6875	0.36
1205.46875	-0.28
1206.25	-1.18
1207.03125	-1.41
1207.8125	-0.37
1208.59375	0.42
1209.375	0.9
1210.15625	1.18
1210.9375	1.18
1211.71875	0.93
1212.5	-0.26
1213.28125	-1.71
1214.0625	-1.73
1214.84375	-0.91
1215.625	0.03
1216.40625	0.76
1217.1875	1.67
1217.96875	1.27
1218.75	0.5
1219.53125	-0.28
1220.3125	-0.94
1221.09375	-1.07
1221.875	-0.75
1222.65625	-0.14
1223.4375	0.23
1224.21875	0.62
1225	0.56
1225.78125	0.37
1226.5625	-0.13
1227.34375	-0.35
1228.125	-0.54
1228.90625	-0.39
1229.6875	0.02
1230.46875	0.51
1231.25	0.4
1232.03125	0.01
1232.8125	0.01
1233.59375	0.17
1234.375	-0.49
1235.15625	-0.75
1235.9375	0.05
1236.71875	0.63
1237.5	0.55
1238.28125	-0.37
1239.0625	-0.23
1239.84375	0.47
1240.625	0.46
1241.40625	-0.18
1242.1875	-0.37
1242.96875	0.04
1243.75	0.09
1244.53125	-0.38
1245.3125	-0.57
1246.09375	-0.22
1246.875	0.39
1247.65625	0.67
1248.4375	0.79
1249.21875	0.11
1250	-0.63
1250.78125	-0.72
1251.5625	0.07
1252.34375	0.3
1253.125	0.11
1253.90625	-0.28
1254.6875	-0.87
1255.46875	-0.12
1256.25	-0.04
1257.03125	0.71
1257.8125	1.43
1258.59375	1.01
1259.375	-0.59
1260.15625	-1.33
1260.9375	-1.09
1261.71875	-0.5
1262.5	0.44
1263.28125	0.96
1264.0625	0.72
1264.84375	0
1265.625	0.03
1266.40625	-0.31
1267.1875	-0.43
1267.96875	-0.22
1268.75	0.09
1269.53125	-0.19
1270.3125	-0.46
1271.09375	0.22
1271.875	0.93
1272.65625	0.55
1273.4375	0
1274.21875	-0.72
1275	-0.28
1275.78125	0.13
1276.5625	-0.17
1277.34375	-0.22
1278.125	-0.06
1278.90625	0.79
1279.6875	0.45
1280.46875	0.04
1281.25	-0.49
1282.03125	-0.33
1282.8125	0.16
1283.59375	0.11
1284.375	-0.4
1285.15625	-0.91
1285.9375	-0.2
1286.71875	0.93
1287.5	0.98
1288.28125	0.43
1289.0625	0.13
1289.84375	-0.72
1290.625	-0.98
1291.40625	-0.58
1292.1875	-0.44
1292.96875	-0.48
1293.75	0.66
1294.53125	1.77
1295.3125	1.48
1296.09375	0.27
1296.875	-1.32
1297.65625	-1.29
1298.4375	-0.5
1299.21875	0.49
1300	0.67
1300.78125	-0.07
1301.5625	-0.16
1302.34375	0.06
1303.125	0.46
1303.90625	0.13
1304.6875	-0.34
1305.46875	-0.77
1306.25	-0.09
1307.03125	0.63
1307.8125	0.34
1308.59375	-0.16
1309.375	-0.68
1310.15625	-0.14
1310.9375	0.39
1311.71875	0.2
1312.5	0.03
1313.28125	0.08
1314.0625	-0.04
1314.84375	-0.04
1315.625	-0.02
1316.40625	-0.22
1317.1875	-0.54
1317.96875	-0.35
1318.75	0.2
1319.53125	0.76
1320.3125	1.06
1321.09375	0.48
1321.875	-0.76
1322.65625	-1.16
1323.4375	-0.48
1324.21875	0.37
1325	0.56
1325.78125	0.2
1326.5625	0.06
1327.34375	0.19
1328.125	0.24
1328.90625	-0.29
1329.6875	-0.64
1330.46875	-0.47
1331.25	0.48
1332.03125	0.31
1332.8125	-0.04
1333.59375	0.13
1334.375	0.17
1335.15625	0.21
1335.9375	-0.06
1336.71875	-0.39
1337.5	-0.84
1338.28125	-0.29
1339.0625	0.21
1339.84375	0.66
1340.625	0.94
1341.40625	0.51
1342.1875	-0.04
1342.96875	-0.9
1343.75	-1.25
1344.53125	-0.47
1345.3125	0.77
1346.09375	0.43
1346.875	-0.49
1347.65625	0.28
1348.4375	1.04
1349.21875	0.61
1350	-0.08
1350.78125	0.02
1351.5625	-0.79
1352.34375	-1.61
1353.125	-1
1353.90625	0.06
1354.6875	0.5
1355.46875	0.91
1356.25	2.03
1357.03125	1.34
1357.8125	-0.17
1358.59375	-0.86
1359.375	-1.69
1360.15625	-1.78
1360.9375	-0.46
1361.71875	0.86
1362.5	1.5
1363.28125	1.24
1364.0625	0.33
1364.84375	-0.63
1365.625	-0.45
1366.40625	0.32
1367.1875	-0.2
1367.96875	-0.76
1368.75	-0.83
1369.53125	-0.91
1370.3125	-0.15
1371.09375	0.92
1371.875	1.48
1372.65625	0.93
1373.4375	0.14
1374.21875	-0.12
1375	-0.84
1375.78125	-1.66
1376.5625	-1.29
1377.34375	-0.5
1378.125	0.7
1378.90625	2.12
1379.6875	1.94
1380.46875	0.9
1381.25	-0.63
1382.03125	-0.9
1382.8125	-0.99
1383.59375	-0.87
1384.375	-0.39
1385.15625	-0.44
1385.9375	0.37
1386.71875	0.97
1387.5	1.07
1388.28125	0.72
1389.0625	-0.28
1389.84375	-0.54
1390.625	-0.49
1391.40625	-0.7
1392.1875	-0.48
1392.96875	-0.25
1393.75	0.32
1394.53125	-0.06
1395.3125	0.17
1396.09375	0.53
1396.875	0.52
1397.65625	0.7
1398.4375	0.03
1399.21875	-0.5
1400	-0.75
1400.78125	-0.86
1401.5625	-0.71
1402.34375	0.25
1403.125	0.84
1403.90625	1.09
1404.6875	0.88
1405.46875	0.27
1406.25	-0.82
1407.03125	-1.42
1407.8125	-0.37
1408.59375	0.15
1409.375	0.49
1410.15625	0.58
1410.9375	0.47
1411.71875	0.35
1412.5	-0.28
1413.28125	-0.81
1414.0625	-0.67
1414.84375	0.33
1415.625	0.25
1416.40625	0.01
1417.1875	-0.08
1417.96875	0.13
1418.75	0.48
1419.53125	-0.24
1420.3125	-0.47
1421.09375	-0.32
1421.875	0.17
1422.65625	0.8
1423.4375	0.43
1424.21875	-0.45
1425	-0.71
1425.78125	-0.64
1426.5625	0.15
1427.34375	0.75
1428.125	0.75
1428.90625	0.01
1429.6875	-0.59
1430.46875	-0.24
1431.25	-0.14
1432.03125	0.39
1432.8125	0.36
1433.59375	0.08
1434.375	-0.11
1435.15625	-0.53
1435.9375	-0.61
1436.71875	-0.22
1437.5	0.47
1438.28125	0.7
1439.0625	0.3
1439.84375	0.16
1440.625	0.36
1441.40625	-0.28
1442.1875	-1.17
1442.96875	-0.77
1443.75	0.54
1444.53125	0.49
1445.3125	0
1446.09375	0.12
1446.875	0.32
1447.65625	0.26
1448.4375	-0.07
1449.21875	-0.09
1450	-0.38
1450.78125	-0.99
1451.5625	-0.5
1452.34375	0.88
1453.125	1.08
1453.90625	0.64
1454.6875	-0.13
1455.46875	-0.65
1456.25	-0.39
1457.03125	-0.11
1457.8125	0.26
1458.59375	0.09
1459.375	-0.04
1460.15625	-0.43
1460.9375	-0.44
1461.71875	0.57
1462.5	0.57
1463.28125	0.06
1464.0625	-0.28
1464.84375	-0.48
1465.625	-0.21
1466.40625	0.02
1467.1875	0.3
1467.96875	0.54
1468.75	0.15
1469.53125	-0.66
1470.3125	-0.75
1471.09375	-0.21
1471.875	0.79
1472.65625	0.83
1473.4375	0.22
1474.21875	0.09
1475	-0.23
1475.78125	-0.01
1476.5625	-0.58
1477.34375	-0.53
1478.125	0.42
1478.90625	0.1
1479.6875	-0.28
1480.46875	0.19
1481.25	0.2
1482.03125	0.1
1482.8125	0.01
1483.59375	0.19
1484.375	0.72
1485.15625	-0.42
1485.9375	-1.07
1486.71875	-0.94
1487.5	-0.54
1488.28125	0.29
1489.0625	0.75
1489.84375	1.15
1490.625	1.2
1491.40625	0.32
1492.1875	-0.43
1492.96875	-1.17
1493.75	-1.54
1494.53125	-1.12
1495.3125	0.05
1496.09375	1.67
1496.875	1.4
1497.65625	0.78
1498.4375	0.33
1499.21875	-0.38
1500	-0.92
1500.78125	-0.66
1501.5625	0.18
1502.34375	0.06
1503.125	-0.41
1503.90625	-0.41
1504.6875	0.05
1505.46875	0.18
1506.25	0.32
1507.03125	0.78
1507.8125	0.46
1508.59375	-0.27
1509.375	-0.94
1510.15625	-1.25
1510.9375	-0.65
1511.71875	0.79
1512.5	1.58
1513.28125	0.97
1514.0625	-0.06
1514.84375	-0.63
1515.625	-0.69
1516.40625	-0.62
1517.1875	-0.23
1517.96875	0.24
1518.75	0.68
1519.53125	0.35
1520.3125	0.1
1521.09375	-0.22
1521.875	-0.11
1522.65625	0.05
1523.4375	-0.12
1524.21875	0.09
1525	0.08
1525.78125	-0.21
1526.5625	-0.66
1527.34375	0.1
1528.125	0.22
1528.90625	0.19
1529.6875	0.39
1530.46875	0.19
1531.25	-0.18
1532.03125	-0.33
1532.8125	0.22
1533.59375	0.12
1534.375	-0.3
1535.15625	-0.3
1535.9375	0.08
1536.71875	0.19
1537.5	-0.13
1538.28125	-0.2
1539.0625	0.11
1539.84375	0.39
1540.625	0.45
1541.40625	0.4
1542.1875	-0.25
1542.96875	-1.12
1543.75	-1.04
1544.53125	-0.16
1545.3125	1.1
1546.09375	1.18
1546.875	0.93
1547.65625	0.15
1548.4375	-1.14
1549.21875	-1.03
1550	-0.59
1550.78125	-0.16
1551.5625	-0.11
1552.34375	0.02
1553.125	0.86
1553.90625	1.37
1554.6875	1.09
1555.46875	-0.3
1556.25	-1.61
1557.03125	-1.58
1557.8125	-0.42
1558.59375	0.7
1559.375	0.67
1560.15625	0.9
1560.9375	0.92
1561.71875	0.12
1562.5	-0.78
1563.28125	-0.89
1564.0625	-0.88
1564.84375	-0.43
1565.625	0.76
1566.40625	1.27
1567.1875	0.94
1567.96875	-0.05
1568.75	-0.34
1569.53125	-1.07
1570.3125	-1.01
1571.09375	-0.12
1571.875	-0.03
1572.65625	0.15
1573.4375	0.99
1574.21875	1.05
1575	0.53
1575.78125	-0.24
1576.5625	-1.2
1577.34375	-0.88
1578.125	-0.51
1578.90625	0.06
1579.6875	0.08
1580.46875	-0.26
1581.25	-0.07
1582.03125	0.39
1582.8125	1.66
1583.59375	1.9
1584.375	-0.08
1585.15625	-1.08
1585.9375	-1.48
1586.71875	-0.64
1587.5	0.11
1588.28125	0.1
1589.0625	0.53
1589.84375	-0.01
1590.625	0.41
1591.40625	0.39
1592.1875	0.05
1592.96875	-0.42
1593.75	-0.44
1594.53125	-0.26
1595.3125	0.23
1596.09375	0.35
1596.875	-0.65
1597.65625	-0.99
1598.4375	-0.26
1599.21875	0.63
1600	0.53
1600.78125	0.86
1601.5625	0.91
1602.34375	0.39
1603.125	-1
1603.90625	-1.19
1604.6875	-0.09
1605.46875	0.35
1606.25	-0.09
1607.03125	-0.48
1607.8125	0.05
1608.59375	0.63
1609.375	0.65
1610.15625	0.46
1610.9375	0.19
1611.71875	-0.43
1612.5	-0.13
1613.28125	-0.38
1614.0625	-0.76
1614.84375	-0.35
1615.625	0.18
1616.40625	0.13
1617.1875	-0.31
1617.96875	0.08
1618.75	0.84
1619.53125	1.1
1620.3125	0.43
1621.09375	-0.35
1621.875	-1.32
1622.65625	-1.41
1623.4375	-0.25
1624.21875	0.9
1625	1.07
1625.78125	0.34
1626.5625	0.3
1627.34375	0.15
1628.125	-0.55
1628.90625	-0.97
1629.6875	-0.2
1630.46875	0.36
1631.25	0.46
1632.03125	0.46
1632.8125	-0.12
1633.59375	-0.29
1634.375	-0.09
1635.15625	-0.16
1635.9375	-0.33
1636.71875	0.05
1637.5	-0.13
1638.28125	0.22
1639.0625	0.44
1639.84375	0.34
1640.625	-0.14
1641.40625	-0.61
1642.1875	0.18
1642.96875	0.23
1643.75	-0.1
1644.53125	-0.25
1645.3125	-0.13
1646.09375	0.19
1646.875	0.09
1647.65625	-0.01
1648.4375	0.28
1649.21875	0.31
1650	-0.23
1650.78125	-0.67
1651.5625	-0.08
1652.34375	0.03
1653.125	0.08
1653.90625	0.6
1654.6875	0.41
1655.46875	-0.01
1656.25	-0.21
1657.03125	-0.83
1657.8125	-0.79
1658.59375	-0.06
1659.375	0.79
1660.15625	1.42
1660.9375	0.21
1661.71875	-0.8
1662.5	-0.44
1663.28125	0.25
1664.0625	-0.03
1664.84375	-0.19
1665.625	-0.15
1666.40625	0.16
1667.1875	0.05
1667.96875	-0.31
1668.75	-0.39
1669.53125	0.06
1670.3125	0.71
1671.09375	0.32
1671.875	0.11
1672.65625	-0.43
1673.4375	-0.52
1674.21875	-0.22
1675	0.62
1675.78125	0.65
1676.5625	-0.61
1677.34375	-0.93
1678.125	0
1678.90625	0.69
1679.6875	0.35
1680.46875	0.36
1681.25	0.53
1682.03125	0.1
1682.8125	-0.39
1683.59375	-0.53
1684.375	-0.6
1685.15625	-0.5
1685.9375	0.04
1686.71875	0.38
1687.5	0.61
1688.28125	0.31
1689.0625	0.09
1689.84375	0.2
1690.625	-0.39
1691.40625	-0.34
1692.1875	0
1692.96875	-0.38
1693.75	-0.47
1694.53125	0.3
1695.3125	0.35
1696.09375	0.11
1696.875	-0.12
1697.65625	-0.42
1698.4375	0.67
1699.21875	0.81
1700	0.07
1700.78125	-0.34
1701.5625	-0.63
1702.34375	-0.54
1703.125	-0.69
1703.90625	0.13
1704.6875	0.66
1705.46875	0.9
1706.25	0.65
1707.03125	0.19
1707.8125	0.09
1708.59375	-0.88
1709.375	-0.97
1710.15625	-0.62
1710.9375	-0.08
1711.71875	0.33
1712.5	0.81
1713.28125	0.79
1714.0625	0.39
1714.84375	-0.05
1715.625	-0.55
1716.40625	-0.79
1717.1875	-0.55
1717.96875	-0.07
1718.75	-0.33
1719.53125	0.34
1720.3125	1.25
1721.09375	0.99
1721.875	-0.05
1722.65625	-0.79
1723.4375	-1
1724.21875	-0.78
1725	-0.2
1725.78125	0.61
1726.5625	1.07
1727.34375	0.52
1728.125	0.43
1728.90625	0.17
1729.6875	-0.76
1730.46875	-1.14
1731.25	-1.01
1732.03125	0.06
1732.8125	0.83
1733.59375	0.72
1734.375	0.83
1735.15625	0.67
1735.9375	-0.12
1736.71875	-0.7
1737.5	-0.96
1738.28125	-0.65
1739.0625	-0.15
1739.84375	0.22
1740.625	0.87
1741.40625	0.52
1742.1875	-0.05
1742.96875	0.02
1743.75	0
1744.53125	-0.39
1745.3125	-0.43
1746.09375	-0.29
1746.875	-0.41
1747.65625	-0.06
1748.4375	0.71
1749.21875	0.98
1750	0.49
1750.78125	-0.12
1751.5625	-0.39
1752.34375	-0.45
1753.125	-0.84
1753.90625	-0.95
1754.6875	-0.03
1755.46875	0.63
1756.25	1.02
1757.03125	1.14
1757.8125	0.72
1758.59375	-0.05
1759.375	-0.93
1760.15625	-0.8
1760.9375	-1.09
1761.71875	-0.55
1762.5	0.3
1763.28125	0.77
1764.0625	0.66
1764.84375	0.37
1765.625	0.17
1766.40625	0.21
1767.1875	0.45
1767.96875	-0.53
1768.75	-0.82
1769.53125	-0.98
1770.3125	-0.53
1771.09375	-0.06
1771.875	0.75
1772.65625	1.4
1773.4375	1.04
1774.21875	-0.32
1775	-0.82
1775.78125	-0.4
1776.5625	-0.36
1777.34375	-0.21
1778.125	-0.25
1778.90625	-0.33
1779.6875	-0.69
1780.46875	0.49
1781.25	1.74
1782.03125	1.56
1782.8125	0.02
1783.59375	-0.88
1784.375	-1.34
1785.15625	-0.8
1785.9375	-0.07
1786.71875	0.09
1787.5	0.55
1788.28125	0.57
1789.0625	0.6
1789.84375	-0.01
1790.625	-0.1
1791.40625	0.07
1792.1875	-0.4
1792.96875	-0.92
1793.75	-0.46
1794.53125	0.21
1795.3125	0.87
1796.09375	0.48
1796.875	-0.15
1797.65625	-0.27
1798.4375	-0.01
1799.21875	-0.06
